    0.909811198711395264E+00    0.983601748943328857E+00   -0.265530285905548391E+00   -0.570378062280500497E+01    1
    0.999492287635803223E+00    0.925383210182189941E+00   -0.237993934157161940E+00   -0.570711395613835482E+01    1
    0.876439750194549561E+00    0.923854887485504150E+00   -0.217378836990231333E+00   -0.571044728947168334E+01    1
    0.958808302879333496E+00    0.895837485790252686E+00   -0.200210030901330022E+00   -0.571378062280501098E+01    1
    0.935938060283660889E+00    0.830784916877746582E+00   -0.198528061792314997E+00   -0.571711395613834394E+01    1
    0.784804105758666992E+00    0.919616103172302246E+00   -0.193310262160613366E+00   -0.572044728947168135E+01    1
    0.742929756641387939E+00    0.968369722366333008E+00   -0.187134856873781646E+00   -0.572378062280502586E+01    1
    0.871838033199310303E+00    0.905911207199096680E+00   -0.186946038866013353E+00   -0.572711395613835883E+01    1
    0.801958620548248291E+00    0.975729644298553467E+00   -0.174823264588911370E+00   -0.573044728947169002E+01    1
    0.795628249645233154E+00    0.925447463989257812E+00   -0.172338400726070096E+00   -0.573378062280501766E+01    1
    0.813963532447814941E+00    0.856614530086517334E+00   -0.169586175758599272E+00   -0.573711395613834529E+01    1
    0.701719880104064941E+00    0.999915301799774170E+00   -0.167305224142332204E+00   -0.574044728947167915E+01    1
    0.709777534008026123E+00    0.969956338405609131E+00   -0.165478292700506235E+00   -0.574378062280501744E+01    1
    0.849065661430358887E+00    0.721428751945495605E+00   -0.154844296828176187E+00   -0.574711395613836196E+01    1
    0.968695938587188721E+00    0.611470639705657959E+00   -0.151679128558586618E+00   -0.575044728947169581E+01    1
    0.834573328495025635E+00    0.806236863136291504E+00   -0.147929954389493856E+00   -0.575378062280501634E+01    1
    0.792748928070068359E+00    0.752280831336975098E+00   -0.144811679839408097E+00   -0.575711395613834398E+01    1
    0.759775996208190918E+00    0.764528036117553711E+00   -0.130864684006206655E+00   -0.576044728947168139E+01    1
    0.769662082195281982E+00    0.996976554393768311E+00   -0.128689303643874486E+00   -0.576378062280501613E+01    1
    0.879294395446777344E+00    0.715250968933105469E+00   -0.126947834296782552E+00   -0.576711395613835531E+01    1
    0.973124921321868896E+00    0.726458787918090820E+00   -0.117457343233554459E+00   -0.577044728947169805E+01    1
    0.933997690677642822E+00    0.551376581192016602E+00   -0.116117186959655005E+00   -0.577378062280503279E+01    1
    0.647779881954193115E+00    0.911187887191772461E+00   -0.112531407289469879E+00   -0.577711395613835421E+01    1
    0.856552541255950928E+00    0.583566904067993164E+00   -0.106275347910753687E+00   -0.578044728947167474E+01    1
    0.612524032592773438E+00    0.978316247463226318E+00   -0.102684897893404167E+00   -0.578378062280501393E+01    1
    0.995233893394470215E+00    0.470936238765716553E+00   -0.993320937499277412E-01   -0.578711395613835577E+01    1
    0.624956846237182617E+00    0.832334518432617188E+00   -0.960450503256177340E-01   -0.579044728947169407E+01    1
    0.720827400684356689E+00    0.683554112911224365E+00   -0.914914421201328820E-01   -0.579378062280503325E+01    1
    0.641257405281066895E+00    0.891997873783111572E+00   -0.909547267960131578E-01   -0.579711395613835734E+01    1
    0.883320987224578857E+00    0.504826307296752930E+00   -0.908239976002372662E-01   -0.580044728947169297E+01    1
    0.694092512130737305E+00    0.671818673610687256E+00   -0.820296983573867294E-01   -0.580378062280502593E+01    1
    0.648628234863281250E+00    0.680373787879943848E+00   -0.816636208553817161E-01   -0.580711395613834647E+01    1
    0.900061845779418945E+00    0.570227682590484619E+00   -0.807565818754202303E-01   -0.581044728947168032E+01    1
    0.959892809391021729E+00    0.714350163936614990E+00   -0.803339865001003461E-01   -0.581378062280502572E+01    1
    0.552835762500762939E+00    0.828085243701934814E+00   -0.789841093895115171E-01   -0.581711395613836935E+01    1
    0.871540665626525879E+00    0.461241781711578369E+00   -0.752141979512162689E-01   -0.582044728947169965E+01    1
    0.677652001380920410E+00    0.700166344642639160E+00   -0.737781336975369684E-01   -0.582378062280502462E+01    1
    0.527326941490173340E+00    0.819254577159881592E+00   -0.727758353847999667E-01   -0.582711395613835315E+01    1
    0.733634173870086670E+00    0.561219155788421631E+00   -0.700771963929156527E-01   -0.583044728947169411E+01    1
    0.577025055885314941E+00    0.740782558917999268E+00   -0.699415498563206589E-01   -0.583378062280502441E+01    1
    0.966291546821594238E+00    0.398085951805114746E+00   -0.694475418211416423E-01   -0.583711395613834316E+01    1
    0.722942292690277100E+00    0.612626194953918457E+00   -0.674746745239440532E-01   -0.584044728947168412E+01    1
    0.637019038200378418E+00    0.635760128498077393E+00   -0.645573368059838698E-01   -0.584378062280502064E+01    1
    0.666749536991119385E+00    0.620664119720458984E+00   -0.644410489541094034E-01   -0.584711395613835627E+01    1
    0.670516490936279297E+00    0.959613084793090820E+00   -0.637502475869747148E-01   -0.585044728947168746E+01    1
    0.575839221477508545E+00    0.761880636215209961E+00   -0.610007484833309035E-01   -0.585378062280502132E+01    1
    0.952301442623138428E+00    0.391842067241668701E+00   -0.596221087957758203E-01   -0.585711395613836583E+01    1
    0.419645607471466064E+00    0.966989219188690186E+00   -0.596138335678391140E-01   -0.586044728947168458E+01    1
    0.673443973064422607E+00    0.592594504356384277E+00   -0.578129471386463062E-01   -0.586378062280500867E+01    1
    0.714377641677856445E+00    0.626324415206909180E+00   -0.572569599263942075E-01   -0.586711395613835673E+01    1
    0.922129273414611816E+00    0.525668203830718994E+00   -0.570113851484466694E-01   -0.587044728947169592E+01    1
    0.848637640476226807E+00    0.477623462677001953E+00   -0.539173857975463675E-01   -0.587378062280501378E+01    1
    0.782007098197937012E+00    0.867650747299194336E+00   -0.532548603184888128E-01   -0.587711395613836363E+01    1
    0.595845162868499756E+00    0.858968973159790039E+00   -0.526247169942122839E-01   -0.588044728947169038E+01    1
    0.689513742923736572E+00    0.490605890750885010E+00   -0.521987352620812764E-01   -0.588378062280502512E+01    1
    0.682486355304718018E+00    0.502507448196411133E+00   -0.519411893294662239E-01   -0.588711395613835986E+01    1
    0.500954091548919678E+00    0.942663669586181641E+00   -0.513450807965222245E-01   -0.589044728947168750E+01    1
    0.545885264873504639E+00    0.749182641506195068E+00   -0.509590032088491213E-01   -0.589378062280501336E+01    1
    0.929284632205963135E+00    0.836775183677673340E+00   -0.504155533793062688E-01   -0.589711395613836142E+01    1
    0.953581869602203369E+00    0.639295697212219238E+00   -0.492706625303706985E-01   -0.590044728947168906E+01    1
    0.757316768169403076E+00    0.443897604942321777E+00   -0.488888360947037637E-01   -0.590378062280501403E+01    1
    0.490330278873443604E+00    0.840077519416809082E+00   -0.478261365660791610E-01   -0.590711395613835233E+01    1
    0.440277695655822754E+00    0.821450233459472656E+00   -0.468156601144999809E-01   -0.591044728947168974E+01    1
    0.713888287544250488E+00    0.500770986080169678E+00   -0.438511235744367539E-01   -0.591378062280503869E+01    1
    0.968988418579101562E+00    0.314716339111328125E+00   -0.435323060424128369E-01   -0.591711395613837610E+01    1
    0.663932144641876221E+00    0.478122234344482422E+00   -0.434421034010017415E-01   -0.592044728947170285E+01    1
    0.931811511516571045E+00    0.818993389606475830E+00   -0.430036356324178665E-01   -0.592378062280502160E+01    1
    0.460206747055053711E+00    0.735274553298950195E+00   -0.423125871990341906E-01   -0.592711395613834124E+01    1
    0.381037294864654541E+00    0.868168056011199951E+00   -0.407160858714975121E-01   -0.593044728947167687E+01    1
    0.772708058357238770E+00    0.400766313076019287E+00   -0.396897585208762504E-01   -0.593378062280501606E+01    1
    0.782266736030578613E+00    0.381120860576629639E+00   -0.389566134378542123E-01   -0.593711395613835968E+01    1
    0.525547742843627930E+00    0.610706925392150879E+00   -0.380490305106477023E-01   -0.594044728947169531E+01    1
    0.838938415050506592E+00    0.929753839969635010E+00   -0.377258412368106574E-01   -0.594378062280501940E+01    1
    0.769994497299194336E+00    0.506741464138031006E+00   -0.372931685805845126E-01   -0.594711395613835059E+01    1
    0.915999531745910645E+00    0.517587959766387939E+00   -0.367945015808734746E-01   -0.595044728947167822E+01    1
    0.842876911163330078E+00    0.534017980098724365E+00   -0.365098403066449056E-01   -0.595378062280501563E+01    1
    0.875569105148315430E+00    0.735352456569671631E+00   -0.360935936400427343E-01   -0.595711395613834949E+01    1
    0.934144437313079834E+00    0.330420434474945068E+00   -0.355985633311496005E-01   -0.596044728947167890E+01    1
    0.851364076137542725E+00    0.329896271228790283E+00   -0.354382546202188856E-01   -0.596378062280501009E+01    1
    0.697307944297790527E+00    0.406261324882507324E+00   -0.354177066298014057E-01   -0.596711395613835194E+01    1
    0.947004318237304688E+00    0.360391855239868164E+00   -0.353558489524946201E-01   -0.597044728947169379E+01    1
    0.789396166801452637E+00    0.824161767959594727E+00   -0.350929083500745170E-01   -0.597378062280502675E+01    1
    0.488048374652862549E+00    0.685785949230194092E+00   -0.348610066858954029E-01   -0.597711395613836682E+01    1
    0.489976882934570312E+00    0.948299467563629150E+00   -0.341996668188510530E-01   -0.598044728947168824E+01    1
    0.323939204216003418E+00    0.939978122711181641E+00   -0.336836732555207338E-01   -0.598378062280501855E+01    1
    0.657371699810028076E+00    0.463217794895172119E+00   -0.336298719679192504E-01   -0.598711395613835595E+01    1
    0.980029225349426270E+00    0.401385962963104248E+00   -0.335480786793863478E-01   -0.599044728947169425E+01    1
    0.471784174442291260E+00    0.772740006446838379E+00   -0.335424330622506456E-01   -0.599378062280503432E+01    1
    0.775613367557525635E+00    0.808357477188110352E+00   -0.331499416912093003E-01   -0.599711395613836995E+01    1
    0.574012041091918945E+00    0.549824714660644531E+00   -0.322964149592633656E-01   -0.600044728947169581E+01    1
    0.466321289539337158E+00    0.603069365024566650E+00   -0.322477724544321595E-01   -0.600378062280502434E+01    1
    0.963555634021759033E+00    0.356174647808074951E+00   -0.302437283491310341E-01   -0.600711395613837418E+01    1
    0.711832046508789062E+00    0.389906942844390869E+00   -0.298704066744832353E-01   -0.601044728947169471E+01    1
    0.818877458572387695E+00    0.472201108932495117E+00   -0.298595656365778957E-01   -0.601378062280501702E+01    1
    0.661900639533996582E+00    0.370524644851684570E+00   -0.283642082549191051E-01   -0.601711395613836331E+01    1
    0.291888356208801270E+00    0.986458837985992432E+00   -0.282603171857321832E-01   -0.602044728947169183E+01    1
    0.372799873352050781E+00    0.935577630996704102E+00   -0.281856260123142174E-01   -0.602378062280501236E+01    1
    0.882033050060272217E+00    0.676602423191070557E+00   -0.279260642503052145E-01   -0.602711395613836221E+01    1
    0.870196998119354248E+00    0.306750357151031494E+00   -0.277867927397345907E-01   -0.603044728947171205E+01    1
    0.781783044338226318E+00    0.516137301921844482E+00   -0.263766745290084925E-01   -0.603378062280504324E+01    1
    0.391230404376983643E+00    0.633979618549346924E+00   -0.258936977484673057E-01   -0.603711395613836554E+01    1
    0.387115359306335449E+00    0.926538467407226562E+00   -0.258778418362203798E-01   -0.604044728947168430E+01    1
    0.625194132328033447E+00    0.636623203754425049E+00   -0.255812443960268046E-01   -0.604378062280502437E+01    1
    0.831058681011199951E+00    0.541930735111236572E+00   -0.254928184054154898E-01   -0.604711395613836888E+01    1
    0.665042281150817871E+00    0.352252423763275146E+00   -0.248865028767474607E-01   -0.605044728947169297E+01    1
    0.340467631816864014E+00    0.759315192699432373E+00   -0.241856008814191198E-01   -0.605378062280501794E+01    1
    0.938412845134735107E+00    0.707258820533752441E+00   -0.241854896582952561E-01   -0.605711395613835712E+01    1
    0.924342334270477295E+00    0.284523844718933105E+00   -0.239714524602009371E-01   -0.606044728947170164E+01    1
    0.357990324497222900E+00    0.724576234817504883E+00   -0.238211969872171789E-01   -0.606378062280503460E+01    1
    0.815599203109741211E+00    0.683160066604614258E+00   -0.231368975736588045E-01   -0.606711395613834981E+01    1
    0.704113006591796875E+00    0.499826550483703613E+00   -0.225472106994620385E-01   -0.607044728947169254E+01    1
    0.377609491348266602E+00    0.721192181110382080E+00   -0.215415872758195209E-01   -0.607378062280503173E+01    1
    0.284513652324676514E+00    0.973898410797119141E+00   -0.214849340474791636E-01   -0.607711395613835847E+01    1
    0.383057773113250732E+00    0.579187691211700439E+00   -0.210733363766155805E-01   -0.608044728947169943E+01    1
    0.670279324054718018E+00    0.480337858200073242E+00   -0.209869494411057574E-01   -0.608378062280502796E+01    1
    0.334847986698150635E+00    0.674599111080169678E+00   -0.206694128573999755E-01   -0.608711395613835293E+01    1
    0.723665237426757812E+00    0.280748307704925537E+00   -0.200823686142398219E-01   -0.609044728947168057E+01    1
    0.792692959308624268E+00    0.401910364627838135E+00   -0.194874855692180743E-01   -0.609378062280500910E+01    1
    0.674245715141296387E+00    0.300402760505676270E+00   -0.194450188873828110E-01   -0.609711395613834028E+01    1
    0.351170778274536133E+00    0.955577015876770020E+00   -0.192789868780802384E-01   -0.610044728947168124E+01    1
    0.327108740806579590E+00    0.658927559852600098E+00   -0.192466961039531037E-01   -0.610378062280502842E+01    1
    0.949758172035217285E+00    0.279816389083862305E+00   -0.186735714811676508E-01   -0.610711395613835251E+01    1
    0.599483251571655273E+00    0.340134143829345703E+00   -0.186645033748666055E-01   -0.611044728947167926E+01    1
    0.356098771095275879E+00    0.588537752628326416E+00   -0.186040277272575966E-01   -0.611378062280503265E+01    1
    0.563549160957336426E+00    0.524048745632171631E+00   -0.181348230992207197E-01   -0.611711395613836562E+01    1
    0.483617663383483887E+00    0.728821039199829102E+00   -0.178038048006688987E-01   -0.612044728947168171E+01    1
    0.251536667346954346E+00    0.841248273849487305E+00   -0.175424836821297392E-01   -0.612378062280501911E+01    1
    0.734918236732482910E+00    0.308247447013854980E+00   -0.173889985980427708E-01   -0.612711395613837251E+01    1
    0.474114000797271729E+00    0.585167467594146729E+00   -0.173711681519161942E-01   -0.613044728947170903E+01    1
    0.256546199321746826E+00    0.912307381629943848E+00   -0.171468617987139416E-01   -0.613378062280503933E+01    1
    0.332975804805755615E+00    0.826719224452972412E+00   -0.168334295495487542E-01   -0.613711395613836164E+01    1
    0.354628622531890869E+00    0.566095650196075439E+00   -0.167599667182784656E-01   -0.614044728947168661E+01    1
    0.922023475170135498E+00    0.976589083671569824E+00   -0.167415511503246246E-01   -0.614378062280503645E+01    1
    0.214141070842742920E+00    0.989414036273956299E+00   -0.157483351322040936E-01   -0.614711395613836586E+01    1
    0.248226761817932129E+00    0.876799464225769043E+00   -0.157251304942880830E-01   -0.615044728947169439E+01    1
    0.398454129695892334E+00    0.639096736907958984E+00   -0.152519378141819286E-01   -0.615378062280502824E+01    1
    0.516721487045288086E+00    0.551195442676544189E+00   -0.145345746480041796E-01   -0.615711395613837009E+01    1
    0.561233460903167725E+00    0.338401257991790771E+00   -0.144972634852386043E-01   -0.616044728947169418E+01    1
    0.744208753108978271E+00    0.362890779972076416E+00   -0.143514216663630685E-01   -0.616378062280500760E+01    1
    0.250360310077667236E+00    0.937044501304626465E+00   -0.142975681608374372E-01   -0.616711395613835833E+01    1
    0.360396206378936768E+00    0.544445157051086426E+00   -0.142497336807828282E-01   -0.617044728947168775E+01    1
    0.577957332134246826E+00    0.340005218982696533E+00   -0.136139919503474992E-01   -0.617378062280502338E+01    1
    0.627023220062255859E+00    0.277733922004699707E+00   -0.135983954515717983E-01   -0.617711395613836611E+01    1
    0.532526016235351562E+00    0.326585114002227783E+00   -0.134746202665273103E-01   -0.618044728947169730E+01    1
    0.769913077354431152E+00    0.334810316562652588E+00   -0.132961258767882572E-01   -0.618378062280502228E+01    1
    0.324094891548156738E+00    0.631451249122619629E+00   -0.131247753123293256E-01   -0.618711395613833925E+01    1
    0.691739201545715332E+00    0.234828472137451172E+00   -0.129524924836235521E-01   -0.619044728947167666E+01    1
    0.319822847843170166E+00    0.753254890441894531E+00   -0.129059690541556294E-01   -0.619378062280501140E+01    1
    0.417002022266387939E+00    0.573166131973266602E+00   -0.128280310733715399E-01   -0.619711395613833993E+01    1
    0.714635252952575684E+00    0.233800470829010010E+00   -0.126939648046758540E-01   -0.620044728947167734E+01    1
    0.395641505718231201E+00    0.986020863056182861E+00   -0.125197712795242534E-01   -0.620378062280502274E+01    1
    0.831436097621917725E+00    0.214686095714569092E+00   -0.123734353546766981E-01   -0.620711395613836192E+01    1
    0.634710967540740967E+00    0.257852137088775635E+00   -0.121390089375647946E-01   -0.621044728947169311E+01    1
    0.828087449073791504E+00    0.483339071273803711E+00   -0.121178009594992350E-01   -0.621378062280502430E+01    1
    0.708601891994476318E+00    0.456962168216705322E+00   -0.119879801292423812E-01   -0.621711395613835460E+01    1
    0.196065187454223633E+00    0.939360201358795166E+00   -0.119033722972070096E-01   -0.622044728947170089E+01    1
    0.585810780525207520E+00    0.344946444034576416E+00   -0.116920152254702137E-01   -0.622378062280504807E+01    1
    0.494741141796112061E+00    0.312826335430145264E+00   -0.115842230486932988E-01   -0.622711395613835705E+01    1
    0.397604763507843018E+00    0.407513439655303955E+00   -0.112259784553352063E-01   -0.623044728947168291E+01    1
    0.910475611686706543E+00    0.833112299442291260E+00   -0.111417168049870625E-01   -0.623378062280501855E+01    1
    0.438967466354370117E+00    0.710018575191497803E+00   -0.111253699754350274E-01   -0.623711395613835862E+01    1
    0.266536533832550049E+00    0.600185513496398926E+00   -0.110332659067136248E-01   -0.624044728947171290E+01    1
    0.245225012302398682E+00    0.647194862365722656E+00   -0.108786512100201519E-01   -0.624378062280503698E+01    1
    0.285458922386169434E+00    0.607794106006622314E+00   -0.108239694848873275E-01   -0.624711395613835663E+01    1
    0.571382462978363037E+00    0.886928141117095947E+00   -0.108221725143262549E-01   -0.625044728947170114E+01    1
    0.730421304702758789E+00    0.877456784248352051E+00   -0.102356327277608409E-01   -0.625378062280503766E+01    1
    0.532024621963500977E+00    0.433875322341918945E+00   -0.101289659367356111E-01   -0.625711395613837151E+01    1
    0.250564992427825928E+00    0.629307150840759277E+00   -0.100747157359356802E-01   -0.626044728947171336E+01    1
    0.347794890403747559E+00    0.420297801494598389E+00   -0.100535818243887420E-01   -0.626378062280504189E+01    1
    0.604179978370666504E+00    0.951470732688903809E+00   -0.978950795300964453E-02   -0.626711395613835620E+01    1
    0.595599472522735596E+00    0.341461420059204102E+00   -0.969556745313591983E-02   -0.627044728947167140E+01    1
    0.935851454734802246E+00    0.154493272304534912E+00   -0.967799960816136638E-02   -0.627378062280501947E+01    1
    0.761775970458984375E+00    0.190898597240447998E+00   -0.956669978657380404E-02   -0.627711395613835510E+01    1
    0.983240306377410889E+00    0.139370679855346680E+00   -0.932186259440969528E-02   -0.628044728947167741E+01    1
    0.420433461666107178E+00    0.388632655143737793E+00   -0.920626822898417199E-02   -0.628378062280502636E+01    1
    0.713361263275146484E+00    0.189078629016876221E+00   -0.889329106140390561E-02   -0.628711395613837443E+01    1
    0.461159884929656982E+00    0.824794471263885498E+00   -0.886728549120941421E-02   -0.629044728947171272E+01    1
    0.240147888660430908E+00    0.592269778251647949E+00   -0.886699911499661680E-02   -0.629378062280503148E+01    1
    0.243580579757690430E+00    0.764514505863189697E+00   -0.866266676784669364E-02   -0.629711395613835290E+01    1
    0.672046720981597900E+00    0.231045186519622803E+00   -0.861969231527543248E-02   -0.630044728947168586E+01    1
    0.349782347679138184E+00    0.841945171356201172E+00   -0.854453916145759412E-02   -0.630378062280502860E+01    1
    0.281764566898345947E+00    0.529242932796478271E+00   -0.854453825932325987E-02   -0.630711395613838466E+01    1
    0.866172492504119873E+00    0.290808200836181641E+00   -0.853464091165829705E-02   -0.631044728947171318E+01    1
    0.475975513458251953E+00    0.721163153648376465E+00   -0.832547479380231666E-02   -0.631378062280503194E+01    1
    0.152639627456665039E+00    0.998013615608215332E+00   -0.818843937257555769E-02   -0.631711395613834714E+01    1
    0.395062863826751709E+00    0.887841165065765381E+00   -0.816305563979773628E-02   -0.632044728947169521E+01    1
    0.223693370819091797E+00    0.730548441410064697E+00   -0.809455760815886403E-02   -0.632378062280504061E+01    1
    0.801737904548645020E+00    0.160568118095397949E+00   -0.795552556668247327E-02   -0.632711395613835670E+01    1
    0.748880743980407715E+00    0.186782658100128174E+00   -0.794511180611810579E-02   -0.633044728947167812E+01    1
    0.407044231891632080E+00    0.358394563198089600E+00   -0.792084175065550268E-02   -0.633378062280503062E+01    1
    0.540558815002441406E+00    0.264862835407257080E+00   -0.784695891728690552E-02   -0.633711395613839290E+01    1
    0.745079278945922852E+00    0.232284724712371826E+00   -0.782992959916416383E-02   -0.634044728947172054E+01    1
    0.866476833820343018E+00    0.258284330368041992E+00   -0.776907420401254031E-02   -0.634378062280503752E+01    1
    0.509407341480255127E+00    0.246968567371368408E+00   -0.768844098520745246E-02   -0.634711395613836871E+01    1
    0.582190394401550293E+00    0.277837097644805908E+00   -0.759775028182218485E-02   -0.635044728947170878E+01    1
    0.305507361888885498E+00    0.461207091808319092E+00   -0.753868185466777946E-02   -0.635378062280502043E+01    1
    0.505738615989685059E+00    0.668385505676269531E+00   -0.744730629252204901E-02   -0.635711395613836228E+01    1
    0.391886413097381592E+00    0.445350289344787598E+00   -0.739528996851416404E-02   -0.636044728947170235E+01    1
    0.633517980575561523E+00    0.264408826828002930E+00   -0.729913585110601032E-02   -0.636378062280501489E+01    1
    0.615921854972839355E+00    0.359764516353607178E+00   -0.727930631854342789E-02   -0.636711395613835140E+01    1
    0.442081689834594727E+00    0.321209549903869629E+00   -0.719978618209436445E-02   -0.637044728947168526E+01    1
    0.365241110324859619E+00    0.639209806919097900E+00   -0.711218474469181572E-02   -0.637378062280502000E+01    1
    0.351475358009338379E+00    0.350538730621337891E+00   -0.708141058422470052E-02   -0.637711395613836185E+01    1
    0.728034734725952148E+00    0.271546304225921631E+00   -0.694726514448367177E-02   -0.638044728947170103E+01    1
    0.652415394783020020E+00    0.445438921451568604E+00   -0.677088847300933924E-02   -0.638378062280502157E+01    1
    0.741856157779693604E+00    0.176404535770416260E+00   -0.671203061382569157E-02   -0.638711395613835187E+01    1
    0.317937910556793213E+00    0.478459596633911133E+00   -0.664760047020160685E-02   -0.639044728947170881E+01    1
    0.446179807186126709E+00    0.291869163513183594E+00   -0.653968445876846379E-02   -0.639378062280505244E+01    1
    0.633744001388549805E+00    0.314136505126953125E+00   -0.645949497265227955E-02   -0.639711395613836942E+01    1
    0.884467005729675293E+00    0.130545616149902344E+00   -0.644675594191468099E-02   -0.640044728947168995E+01    1
    0.492464184761047363E+00    0.391550540924072266E+00   -0.640345856425697784E-02   -0.640378062280502913E+01    1
    0.402748763561248779E+00    0.325780093669891357E+00   -0.598407057393712978E-02   -0.640711395613837098E+01    1
    0.386968672275543213E+00    0.891429603099822998E+00   -0.594776480589350159E-02   -0.641044728947169862E+01    1
    0.279570043087005615E+00    0.423307955265045166E+00   -0.591810353409655179E-02   -0.641378062280503070E+01    1
    0.906151592731475830E+00    0.144658148288726807E+00   -0.576359761741563129E-02   -0.641711395613836455E+01    1
    0.591638147830963135E+00    0.997179627418518066E+00   -0.571246603791795461E-02   -0.642044728947169219E+01    1
    0.149898350238800049E+00    0.948242187500000000E+00   -0.558312792806586484E-02   -0.642378062280502249E+01    1
    0.380137443542480469E+00    0.287323653697967529E+00   -0.549887976388690764E-02   -0.642711395613836789E+01    1
    0.386912703514099121E+00    0.956773936748504639E+00   -0.536193029709197168E-02   -0.643044728947170352E+01    1
    0.438855111598968506E+00    0.299252152442932129E+00   -0.534801975155177727E-02   -0.643378062280502050E+01    1
    0.624391615390777588E+00    0.269115924835205078E+00   -0.531474971662559276E-02   -0.643711395613836235E+01    1
    0.461096107959747314E+00    0.502650558948516846E+00   -0.517786053551985356E-02   -0.644044728947170597E+01    1
    0.711058199405670166E+00    0.489874243736267090E+00   -0.507046330244393089E-02   -0.644378062280503272E+01    1
    0.303403139114379883E+00    0.642348587512969971E+00   -0.502015656855308526E-02   -0.644711395613837279E+01    1
    0.640405476093292236E+00    0.205506443977355957E+00   -0.486667949308502556E-02   -0.645044728947170043E+01    1
    0.349064350128173828E+00    0.706668436527252197E+00   -0.479895942062856344E-02   -0.645378062280502096E+01    1
    0.262114226818084717E+00    0.381495356559753418E+00   -0.476102604831989303E-02   -0.645711395613835393E+01    1
    0.628651142120361328E+00    0.232544898986816406E+00   -0.462838269609219029E-02   -0.646044728947169666E+01    1
    0.416369318962097168E+00    0.253422975540161133E+00   -0.461999871775818638E-02   -0.646378062280503585E+01    1
    0.365328848361968994E+00    0.430934846401214600E+00   -0.459779843400848903E-02   -0.646711395613835816E+01    1
    0.200671136379241943E+00    0.497244656085968018E+00   -0.454479291830614963E-02   -0.647044728947168490E+01    1
    0.907428622245788574E+00    0.156877040863037109E+00   -0.452771037107578458E-02   -0.647378062280502053E+01    1
    0.664334535598754883E+00    0.163857579231262207E+00   -0.449387144024919211E-02   -0.647711395613836416E+01    1
    0.830870926380157471E+00    0.249014079570770264E+00   -0.446629277433138305E-02   -0.648044728947169890E+01    1
    0.490692436695098877E+00    0.213824450969696045E+00   -0.442276272164537475E-02   -0.648378062280502476E+01    1
    0.327939093112945557E+00    0.320159912109375000E+00   -0.436298275033397600E-02   -0.648711395613837016E+01    1
    0.250580430030822754E+00    0.409592509269714355E+00   -0.429710393340759517E-02   -0.649044728947170046E+01    1
    0.360308825969696045E+00    0.703800141811370850E+00   -0.425606116407614091E-02   -0.649378062280501744E+01    1
    0.308589160442352295E+00    0.306024193763732910E+00   -0.414160687371521296E-02   -0.649711395613835219E+01    1
    0.672164201736450195E+00    0.184299468994140625E+00   -0.411425967483494345E-02   -0.650044728947169936E+01    1
    0.314221620559692383E+00    0.302417933940887451E+00   -0.407005468253066657E-02   -0.650378062280504654E+01    1
    0.122753500938415527E+00    0.917831361293792725E+00   -0.404876361336605969E-02   -0.650711395613836796E+01    1
    0.762149453163146973E+00    0.119533002376556396E+00   -0.401564402528115615E-02   -0.651044728947169471E+01    1
    0.588150680065155029E+00    0.710280835628509521E+00   -0.395753981936992297E-02   -0.651378062280504100E+01    1
    0.957428097724914551E+00    0.677455425262451172E+00   -0.394349873651481889E-02   -0.651711395613837485E+01    1
    0.387991666793823242E+00    0.311202704906463623E+00   -0.390293086400104018E-02   -0.652044728947170160E+01    1
    0.915155649185180664E+00    0.151364684104919434E+00   -0.388983160609164633E-02   -0.652378062280504079E+01    1
    0.808879196643829346E+00    0.112336039543151855E+00   -0.384263888160008395E-02   -0.652711395613837464E+01    1
    0.850358605384826660E+00    0.103814244270324707E+00   -0.382958034569011539E-02   -0.653044728947170494E+01    1
    0.362979412078857422E+00    0.434847831726074219E+00   -0.380905927161347916E-02   -0.653378062280504412E+01    1
    0.673641622066497803E+00    0.204457044601440430E+00   -0.376696044145867709E-02   -0.653711395613837976E+01    1
    0.306031823158264160E+00    0.859374344348907471E+00   -0.375194642616243643E-02   -0.654044728947170384E+01    1
    0.576420545578002930E+00    0.151269257068634033E+00   -0.372833045889880369E-02   -0.654378062280503769E+01    1
    0.253521561622619629E+00    0.425811886787414551E+00   -0.372799759258295258E-02   -0.654711395613837244E+01    1
    0.509610712528228760E+00    0.186992764472961426E+00   -0.366941245308642855E-02   -0.655044728947169297E+01    1
    0.359823465347290039E+00    0.328192889690399170E+00   -0.366939137161711006E-02   -0.655378062280503570E+01    1
    0.193061649799346924E+00    0.499826192855834961E+00   -0.364534358708456640E-02   -0.655711395613836512E+01    1
    0.124575972557067871E+00    0.792010545730590820E+00   -0.361705445562092833E-02   -0.656044728947168654E+01    1
    0.678407073020935059E+00    0.137530326843261719E+00   -0.352117422428118452E-02   -0.656378062280502661E+01    1
    0.211104954237517711E+00    0.484373993628261612E+00   -0.344506659417561202E-02   -0.656711395613837645E+01    1
    0.298561751842498779E+00    0.386472284793853760E+00   -0.342777374983024201E-02   -0.657044728947170675E+01    1
    0.332383215427398682E+00    0.292234838008880615E+00   -0.341582380890814502E-02   -0.657378062280503173E+01    1
    0.812600672245025635E+00    0.328073441982269287E+00   -0.334590443092771606E-02   -0.657711395613837713E+01    1
    0.404922187328338623E+00    0.224927961826324463E+00   -0.333186632026076643E-02   -0.658044728947169855E+01    1
    0.798111557960510254E+00    0.100390732288360596E+00   -0.319311506764962706E-02   -0.658378062280501553E+01    1
    0.551767289638519287E+00    0.160221993923187256E+00   -0.317536718486674833E-02   -0.658711395613835204E+01    1
    0.135157346725463867E+00    0.704053401947021484E+00   -0.316780171398002098E-02   -0.659044728947169300E+01    1
    0.528292477130889893E+00    0.163123905658721924E+00   -0.315105350524919232E-02   -0.659378062280502775E+01    1
    0.575500071048736572E+00    0.147960007190704346E+00   -0.311014458485327954E-02   -0.659711395613836871E+01    1
    0.493685901165008545E+00    0.176599621772766113E+00   -0.308960597996845235E-02   -0.660044728947169990E+01    1
    0.337960183620452881E+00    0.275779604911804199E+00   -0.293665150062971930E-02   -0.660378062280503642E+01    1
    0.520239005369657503E+00    0.222020201019343860E+00   -0.293089891747964340E-02   -0.660711395613837382E+01    1
    0.264348983764648438E+00    0.452717959880828857E+00   -0.292757495173961730E-02   -0.661044728947169258E+01    1
    0.989539623260498047E+00    0.783225893974304199E-01   -0.289218816840530789E-02   -0.661378062280503354E+01    1
    0.174673557281494141E+00    0.505429029464721680E+00   -0.283692368673269316E-02   -0.661711395613837716E+01    1
    0.223513603210449219E+00    0.517078638076782227E+00   -0.282104490430682298E-02   -0.662044728947170569E+01    1
    0.225627362728118896E+00    0.476774930953979492E+00   -0.277821087347349897E-02   -0.662378062280502888E+01    1
    0.608966827392578125E+00    0.614864706993103027E+00   -0.277366831463177286E-02   -0.662711395613836540E+01    1
    0.977696776390075684E-01    0.900642752647399902E+00   -0.264836182466762337E-02   -0.663044728947170547E+01    1
    0.512312114238739014E+00    0.258486688137054443E+00   -0.260685439730948135E-02   -0.663378062280504377E+01    1
    0.460895061492919922E+00    0.421507894992828369E+00   -0.259781528838281487E-02   -0.663711395613838206E+01    1
    0.342561483383178711E+00    0.372655093669891357E+00   -0.253111603462633297E-02   -0.664044728947170260E+01    1
    0.879699051380157471E+00    0.692037880420684814E+00   -0.252347999359641209E-02   -0.664378062280503734E+01    1
    0.706458449363708496E+00    0.101198554039001465E+00   -0.245919199478123341E-02   -0.664711395613837830E+01    1
    0.668825268745422363E+00    0.512775897979736328E+00   -0.243864111651314686E-02   -0.665044728947171215E+01    1
    0.917610406875610352E+00    0.318712949752807617E+00   -0.240356612951522124E-02   -0.665378062280503446E+01    1
    0.279109954833984375E+00    0.547346830368041992E+00   -0.236107068924066178E-02   -0.665711395613836832E+01    1
    0.827185690402984619E+00    0.103437304496765137E+00   -0.234346685799793376E-02   -0.666044728947171638E+01    1
    0.993970632553100586E-01    0.891576528549194336E+00   -0.231891911488488070E-02   -0.666378062280503958E+01    1
    0.477114558219909668E+00    0.178701937198638916E+00   -0.230624541543288705E-02   -0.666711395613836277E+01    1
    0.503872036933898926E+00    0.336868762969970703E+00   -0.230434321275306726E-02   -0.667044728947169219E+01    1
    0.845524787902832031E+00    0.803984999656677246E-01   -0.229767140640195272E-02   -0.667378062280503492E+01    1
    0.374292969703674316E+00    0.235940396785736084E+00   -0.228479608703916924E-02   -0.667711395613838565E+01    1
    0.788238286972045898E+00    0.142591357231140137E+00   -0.226647137062884483E-02   -0.668044728947170441E+01    1
    0.592842280864715576E+00    0.118399500846862793E+00   -0.224287441087804660E-02   -0.668378062280503915E+01    1
    0.595533192157745361E+00    0.503442406654357910E+00   -0.223335122429829148E-02   -0.668711395613835169E+01    1
    0.755842566490173340E+00    0.230310797691345215E+00   -0.221813028186966131E-02   -0.669044728947168643E+01    1
    0.369681060314178467E+00    0.218035876750946045E+00   -0.218575192869370190E-02   -0.669378062280502206E+01    1
    0.149263501167297363E+00    0.584596037864685059E+00   -0.212589678447855368E-02   -0.669711395613837546E+01    1
    0.948814928531646729E+00    0.756297707557678223E-01   -0.209374980438661396E-02   -0.670044728947172352E+01    1
    0.239989340305328369E+00    0.595525979995727539E+00   -0.208931269021061117E-02   -0.670378062280504317E+01    1
    0.375917017459869385E+00    0.172722399234771729E+00   -0.208181169187355523E-02   -0.670711395613836991E+01    1
    0.773885309696197510E+00    0.118828237056732178E+00   -0.206052442702794707E-02   -0.671044728947170288E+01    1
    0.298581593668357514E+00    0.476356722864415272E+00   -0.205403978909156218E-02   -0.671378062280502785E+01    1
    0.495347559452056885E+00    0.834319114685058594E+00   -0.204229880853431080E-02   -0.671711395613835638E+01    1
    0.166448831558227539E+00    0.602463245391845703E+00   -0.202924328000260489E-02   -0.672044728947170533E+01    1
    0.559109985828399658E+00    0.220812737941741943E+00   -0.201960329117073034E-02   -0.672378062280504896E+01    1
    0.626512289047241211E+00    0.123281478881835938E+00   -0.200084855642027135E-02   -0.672711395613836860E+01    1
    0.133369863033294678E+00    0.955005288124084473E+00   -0.199099591848460019E-02   -0.673044728947170157E+01    1
    0.493210494518280029E+00    0.127774953842163086E+00   -0.196020476346308974E-02   -0.673378062280503187E+01    1
    0.360183502524177801E+00    0.235320632757813425E+00   -0.194229572734357634E-02   -0.673711395613836395E+01    1
    0.323730298018316875E+00    0.201286488810504982E+00   -0.194104476000986305E-02   -0.674044728947170757E+01    1
    0.244168937206268311E+00    0.585226356983184814E+00   -0.192667403230551435E-02   -0.674378062280504142E+01    1
    0.239322291655692243E+00    0.262922456923050274E+00   -0.190519367834215145E-02   -0.674711395613836995E+01    1
    0.433186026582187578E+00    0.140193542429131790E+00   -0.181220222732867710E-02   -0.675044728947170736E+01    1
    0.365525181571625835E+00    0.169511515796014228E+00   -0.180209758591725559E-02   -0.675378062280505187E+01    1
    0.954454128497355808E-01    0.712923393475344835E+00   -0.179404801842216301E-02   -0.675711395613836974E+01    1
    0.670795202255249023E+00    0.900875329971313477E-01   -0.175173476939059032E-02   -0.676044728947168583E+01    1
    0.290346503257751465E+00    0.204845726490020752E+00   -0.173407735558998291E-02   -0.676378062280502856E+01    1
    0.164811484704101729E+00    0.968213889791706195E+00   -0.172747651839993662E-02   -0.676711395613837663E+01    1
    0.734954738616956704E+00    0.804692339416600844E-01   -0.168534118353561675E-02   -0.677044728947170515E+01    1
    0.238832712173461914E+00    0.304702997207641602E+00   -0.167918013207682317E-02   -0.677378062280503102E+01    1
    0.131056964397430420E+00    0.458728790283203125E+00   -0.166443996075614953E-02   -0.677711395613836132E+01    1
    0.367800056934356689E+00    0.830747961997985840E+00   -0.165720834769280084E-02   -0.678044728947169695E+01    1
    0.636996567249298096E+00    0.901438593864440918E-01   -0.162608442673293054E-02   -0.678378062280503258E+01    1
    0.647324979305267334E+00    0.936486124992370605E-01   -0.158951438260319022E-02   -0.678711395613836110E+01    1
    0.277002155780792236E+00    0.617718696594238281E+00   -0.156175418425637475E-02   -0.679044728947170029E+01    1
    0.120834589004516602E+00    0.501115679740905762E+00   -0.154285435456555614E-02   -0.679378062280502970E+01    1
    0.924634397029876709E+00    0.766870975494384766E-01   -0.152235642750195668E-02   -0.679711395613836711E+01    1
    0.520452127806529274E+00    0.110665636886393193E+00   -0.151271360354505286E-02   -0.680044728947170629E+01    1
    0.549308061599731445E+00    0.116379141807556152E+00   -0.150757981419954307E-02   -0.680378062280502505E+01    1
    0.133274555206298828E+00    0.905085265636444092E+00   -0.150256848735779444E-02   -0.680711395613834824E+01    1
    0.304768919944763184E+00    0.442749917507171631E+00   -0.150142732611324367E-02   -0.681044728947168476E+01    1
    0.399146197399004754E+00    0.257891049065568645E+00   -0.147069341112816398E-02   -0.681378062280501950E+01    1
    0.436097401354281045E+00    0.126559316891844992E+00   -0.146943415638004448E-02   -0.681711395613834981E+01    1
    0.850028216838836670E+00    0.642499327659606934E-01   -0.146556324976109377E-02   -0.682044728947170675E+01    1
    0.692360016360010433E+00    0.141524034567133111E+00   -0.145506636339443073E-02   -0.682378062280504594E+01    1
    0.610328312531949968E+00    0.160316481586189274E+00   -0.143835655016034958E-02   -0.682711395613836824E+01    1
    0.176802158355712891E+00    0.306496143341064453E+00   -0.141024353432334885E-02   -0.683044728947171720E+01    1
    0.202017486095428467E+00    0.265426278114318848E+00   -0.140068148663150113E-02   -0.683378062280504750E+01    1
    0.135364413261413574E+00    0.479242444038391113E+00   -0.138672574789466515E-02   -0.683711395613838047E+01    1
    0.459172261810844751E+00    0.144117742497521795E+00   -0.136591402688998565E-02   -0.684044728947172409E+01    1
    0.783862471580505371E-01    0.883582592010498047E+00   -0.135834345211834789E-02   -0.684378062280504817E+01    1
    0.775766611099243164E+00    0.673627853393554688E-01   -0.135458453071691598E-02   -0.684711395613836871E+01    1
    0.256971478462219238E+00    0.259225726127624512E+00   -0.130018847044650106E-02   -0.685044728947169723E+01    1
    0.314079105854034424E+00    0.175164103507995605E+00   -0.128931590655853058E-02   -0.685378062280502220E+01    1
    0.265983175550967232E+00    0.191727685684481786E+00   -0.128445727552005482E-02   -0.685711395613836761E+01    1
    0.981350958347320557E+00    0.121982634067535400E+00   -0.127401932643254326E-02   -0.686044728947172278E+01    1
    0.147507488727569580E+00    0.382032394409179688E+00   -0.126868066064052330E-02   -0.686378062280505130E+01    1
    0.666412974057118968E+00    0.774161915714647181E-01   -0.125928349413153315E-02   -0.686711395613838427E+01    1
    0.132805109024047852E+00    0.459324300289154053E+00   -0.125239850395693721E-02   -0.687044728947172434E+01    1
    0.626201212406158447E+00    0.521017849445343018E+00   -0.124210583459880095E-02   -0.687378062280505997E+01    1
    0.123188078403472900E+00    0.813968718051910400E+00   -0.123730705137570186E-02   -0.687711395613838583E+01    1
    0.971616744995117188E+00    0.574685931205749512E-01   -0.122905255027485607E-02   -0.688044728947171169E+01    1
    0.728205621242523193E+00    0.680696368217468262E-01   -0.122556572797286219E-02   -0.688378062280503311E+01    1
    0.547222357471390808E+00    0.154441449303438255E+00   -0.120968409016262947E-02   -0.688711395613835098E+01    1
    0.156363725662231445E+00    0.357302188873291016E+00   -0.120797185248379358E-02   -0.689044728947168839E+01    1
    0.224935944538945137E+00    0.698145229733628470E+00   -0.120402237032836792E-02   -0.689378062280504000E+01    1
    0.887474082385611318E+00    0.107872575649335403E+00   -0.119946536140071603E-02   -0.689711395613838629E+01    1
    0.826867818832397461E-01    0.652706027030944824E+00   -0.119528375477217109E-02   -0.690044728947172725E+01    1
    0.150593519210815430E+00    0.361958503723144531E+00   -0.119452555425261743E-02   -0.690378062280505045E+01    1
    0.272599101066589355E+00    0.782001554965972900E+00   -0.118211749966939841E-02   -0.690711395613836121E+01    1
    0.900436639785766602E-01    0.668600678443908691E+00   -0.118111753064284344E-02   -0.691044728947168441E+01    1
    0.238531112670898438E+00    0.207939743995666504E+00   -0.116340316052630376E-02   -0.691378062280501471E+01    1
    0.289561842521970647E+00    0.225167590018542085E+00   -0.116093307442288849E-02   -0.691711395613834679E+01    1
    0.945969641208648682E+00    0.678917169570922852E-01   -0.113898423763738612E-02   -0.692044728947168331E+01    1
    0.679656863212585449E-01    0.958018183708190918E+00   -0.111467670219910289E-02   -0.692378062280501716E+01    1
    0.218519210815429688E+00    0.261762261390686035E+00   -0.111153052201912596E-02   -0.692711395613836345E+01    1
    0.704875648021697998E+00    0.672614574432373047E-01   -0.110620895489810201E-02   -0.693044728947172040E+01    1
    0.879302024841308594E-01    0.597020030021667480E+00   -0.109546518665038948E-02   -0.693378062280504892E+01    1
    0.134152948856353760E+00    0.371707797050476074E+00   -0.108605654127046569E-02   -0.693711395613837212E+01    1
    0.190859686729538319E+00    0.286205741566868732E+00   -0.108271458269041353E-02   -0.694044728947170597E+01    1
    0.143550932407379150E+00    0.890705764293670654E+00   -0.106715020991812802E-02   -0.694378062280504782E+01    1
    0.161575138568878174E+00    0.712408423423767090E+00   -0.106597594120170949E-02   -0.694711395613839411E+01    1
    0.514830768108367920E+00    0.148519396781921387E+00   -0.104015963433397611E-02   -0.695044728947172707E+01    1
    0.252187788486480713E+00    0.600823342800140381E+00   -0.102322252882045884E-02   -0.695378062280504317E+01    1
    0.860760539369324618E+00    0.647114313403827218E-01   -0.101888938412574969E-02   -0.695711395613836547E+01    1
    0.980724492749065146E+00    0.113309630652908985E+00   -0.984966072880085527E-03   -0.696044728947169222E+01    1
    0.362021561427663341E+00    0.232824048264849842E+00   -0.980411086852872376E-03   -0.696378062280504029E+01    1
    0.622215405818097533E+00    0.247886853319311651E+00   -0.972920681001857284E-03   -0.696711395613838924E+01    1
    0.570502161979675293E+00    0.167619824409484863E+00   -0.968232776312357465E-03   -0.697044728947171066E+01    1
    0.844106078147888184E-01    0.882297694683074951E+00   -0.966485876447567625E-03   -0.697378062280505162E+01    1
    0.420501053333282471E+00    0.369428634643554688E+00   -0.950739007136187724E-03   -0.697711395613839436E+01    1
    0.877230167388916016E-01    0.580249249935150146E+00   -0.936323457010085781E-03   -0.698044728947171400E+01    1
    0.639879405498504639E+00    0.849975347518920898E-01   -0.920639122555563468E-03   -0.698378062280504341E+01    1
