    0.926053225994110107E+00    0.291759252548217773E+00   -0.390950589503128831E+00   -0.570378062280500497E+01    1
    0.985412299633026123E+00    0.228609204292297363E+00   -0.366357168779540221E+00   -0.570711395613835482E+01    1
    0.874695658683776855E+00    0.209288358688354492E+00   -0.335555719008023279E+00   -0.571044728947168334E+01    1
    0.880568444728851318E+00    0.873709321022033691E-01   -0.298654206799232269E+00   -0.571378062280501098E+01    1
    0.791535437107086182E+00    0.268163681030273438E-01   -0.294963334031223157E+00   -0.571711395613834394E+01    1
    0.954995453357696533E+00    0.602720558643341064E+00   -0.281342948742302257E+00   -0.572044728947168135E+01    1
    0.888417899608612061E+00    0.298767983913421631E+00   -0.261328503762488895E+00   -0.572378062280502586E+01    1
    0.744586467742919922E+00    0.282370507717132568E+00   -0.250005845155762740E+00   -0.572711395613835883E+01    1
    0.753033638000488281E+00    0.193442404270172119E+00   -0.233111532622094941E+00   -0.573044728947169002E+01    1
    0.696373224258422852E+00    0.892012119293212891E-01   -0.221491915423878971E+00   -0.573378062280501766E+01    1
    0.727404952049255371E+00    0.699084997177124023E-01   -0.214474010835089879E+00   -0.573711395613834529E+01    1
    0.897978723049163818E+00    0.529033541679382324E-01   -0.204205233772446260E+00   -0.574044728947167915E+01    1
    0.771301388740539551E+00    0.138054013252258301E+00   -0.192325729326288553E+00   -0.574378062280501744E+01    1
    0.735141932964324951E+00    0.594047188758850098E+00   -0.183398410960813940E+00   -0.574711395613836196E+01    1
    0.733209490776062012E+00    0.208776175975799561E+00   -0.180322419241636861E+00   -0.575044728947169581E+01    1
    0.770212173461914062E+00    0.365858197212219238E+00   -0.175572463116229788E+00   -0.575378062280501634E+01    1
    0.625847697257995605E+00    0.256802380084991455E+00   -0.173598014721480925E+00   -0.575711395613834398E+01    1
    0.969826340675354004E+00    0.670728921890258789E+00   -0.173048447873143441E+00   -0.576044728947168139E+01    1
    0.935335099697113037E+00    0.896200358867645264E+00   -0.170020418015205593E+00   -0.576378062280501613E+01    1
    0.819227278232574463E+00    0.724389433860778809E+00   -0.169186292087371709E+00   -0.576711395613835531E+01    1
    0.676552772521972656E+00    0.259129524230957031E+00   -0.156120041699372936E+00   -0.577044728947169805E+01    1
    0.556345820426940918E+00    0.281097292900085449E-01   -0.154151129106644219E+00   -0.577378062280503279E+01    1
    0.798040270805358887E+00    0.520250797271728516E+00   -0.150680317183265078E+00   -0.577711395613835421E+01    1
    0.848013162612915039E+00    0.625720202922821045E+00   -0.149369990078649623E+00   -0.578044728947167474E+01    1
    0.701033413410186768E+00    0.699535608291625977E+00   -0.142861091950235414E+00   -0.578378062280501393E+01    1
    0.778701543807983398E+00    0.626971781253814697E+00   -0.135663072393034434E+00   -0.578711395613835577E+01    1
    0.606380105018615723E+00    0.403864741325378418E+00   -0.134443263920034167E+00   -0.579044728947169407E+01    1
    0.839987099170684814E+00    0.269342660903930664E+00   -0.131556363387586223E+00   -0.579378062280503325E+01    1
    0.969425737857818604E+00    0.400855123996734619E+00   -0.125053400936967180E+00   -0.579711395613835734E+01    1
    0.634776234626770020E+00    0.125297069549560547E+00   -0.123803244853234226E+00   -0.580044728947169297E+01    1
    0.931683838367462158E+00    0.537365078926086426E-01   -0.121737897270454906E+00   -0.580378062280502593E+01    1
    0.839346945285797119E+00    0.737879157066345215E+00   -0.121611293888911245E+00   -0.580711395613834647E+01    1
    0.606714785099029541E+00    0.996130108833312988E-01   -0.120956762976890717E+00   -0.581044728947168032E+01    1
    0.745637238025665283E+00    0.129718661308288574E+00   -0.119673182255053828E+00   -0.581378062280502572E+01    1
    0.654002249240875244E+00    0.361841022968292236E+00   -0.119596346371389176E+00   -0.581711395613836935E+01    1
    0.747402369976043701E+00    0.204273879528045654E+00   -0.119534402288416830E+00   -0.582044728947169965E+01    1
    0.598342835903167725E+00    0.302686691284179688E+00   -0.119121187736457551E+00   -0.582378062280502462E+01    1
    0.840289056301116943E+00    0.955726027488708496E+00   -0.116602566815567701E+00   -0.582711395613835315E+01    1
    0.538461863994598389E+00    0.214240670204162598E+00   -0.113077822734328745E+00   -0.583044728947169411E+01    1
    0.480252504348754883E+00    0.153235495090484619E+00   -0.112630529094467496E+00   -0.583378062280502441E+01    1
    0.930877327919006348E+00    0.916933476924896240E+00   -0.111227682875901429E+00   -0.583711395613834316E+01    1
    0.915785431861877441E+00    0.858946859836578369E+00   -0.111134420452941363E+00   -0.584044728947168412E+01    1
    0.764476180076599121E+00    0.599436759948730469E+00   -0.110269231215834207E+00   -0.584378062280502064E+01    1
    0.873529672622680664E+00    0.260830521583557129E-01   -0.108886991915017078E+00   -0.584711395613835627E+01    1
    0.907865107059478760E+00    0.655534982681274414E+00   -0.108757008465211608E+00   -0.585044728947168746E+01    1
    0.818339765071868896E+00    0.899445831775665283E+00   -0.107765174012416878E+00   -0.585378062280502132E+01    1
    0.640531480312347412E+00    0.168484151363372803E+00   -0.104957953848629271E+00   -0.585711395613836583E+01    1
    0.616534113883972168E+00    0.701384723186492920E+00   -0.104709993364048182E+00   -0.586044728947168458E+01    1
    0.473159551620483398E+00    0.119860291481018066E+00   -0.103409892516231852E+00   -0.586378062280500867E+01    1
    0.893230795860290527E+00    0.257527947425842285E+00   -0.102913137811837571E+00   -0.586711395613835673E+01    1
    0.802449524402618408E+00    0.313854157924652100E+00   -0.977425843242178127E-01   -0.587044728947169592E+01    1
    0.813986361026763916E+00    0.945463836193084717E+00   -0.908849891368076340E-01   -0.587378062280501378E+01    1
    0.834560513496398926E+00    0.505397796630859375E+00   -0.907976343274763537E-01   -0.587711395613836363E+01    1
    0.468021392822265625E+00    0.252853810787200928E+00   -0.907808845968615663E-01   -0.588044728947169038E+01    1
    0.501204311847686768E+00    0.554388642311096191E+00   -0.893457688930561489E-01   -0.588378062280502512E+01    1
    0.760515272617340088E+00    0.712338447570800781E+00   -0.867079141411904730E-01   -0.588711395613835986E+01    1
    0.770260751247406006E+00    0.724946260452270508E-01   -0.866060497237248206E-01   -0.589044728947168750E+01    1
    0.649235665798187256E+00    0.550264120101928711E+00   -0.864032641137231494E-01   -0.589378062280501336E+01    1
    0.843780636787414551E+00    0.989209473133087158E+00   -0.845127349485384483E-01   -0.589711395613836142E+01    1
    0.768670678138732910E+00    0.685415804386138916E+00   -0.826507008269372206E-01   -0.590044728947168906E+01    1
    0.411360383033752441E+00    0.102819025516510010E+00   -0.825563106121971341E-01   -0.590378062280501403E+01    1
    0.439413368701934814E+00    0.329256474971771240E+00   -0.810544086577603684E-01   -0.590711395613835233E+01    1
    0.516482949256896973E+00    0.161596059799194336E+00   -0.806064308166215410E-01   -0.591044728947168974E+01    1
    0.720751404762268066E+00    0.943554461002349854E+00   -0.794029171013994894E-01   -0.591378062280503869E+01    1
    0.838275313377380371E+00    0.453758299350738525E+00   -0.780451794509713082E-01   -0.591711395613837610E+01    1
    0.589783787727355957E+00    0.841194272041320801E+00   -0.747083348694584509E-01   -0.592044728947170285E+01    1
    0.538225054740905762E+00    0.764592885971069336E+00   -0.737710580056815807E-01   -0.592378062280502160E+01    1
    0.949822008609771729E+00    0.797160267829895020E+00   -0.726651676715846934E-01   -0.592711395613834124E+01    1
    0.411122441291809082E+00    0.693181157112121582E-01   -0.696495457481405011E-01   -0.593044728947167687E+01    1
    0.416978001594543457E+00    0.404495239257812500E+00   -0.696094005772306401E-01   -0.593378062280501606E+01    1
    0.374217092990875244E+00    0.989676713943481445E-01   -0.691446030897566871E-01   -0.593711395613835968E+01    1
    0.444288134574890137E+00    0.562798559665679932E+00   -0.684412089519037398E-01   -0.594044728947169531E+01    1
    0.635493457317352295E+00    0.670303106307983398E+00   -0.682747866933355041E-01   -0.594378062280501940E+01    1
    0.758533298969268799E+00    0.689284622669219971E+00   -0.671156365443397601E-01   -0.594711395613835059E+01    1
    0.471544504165649414E+00    0.217870175838470459E+00   -0.663886966323208733E-01   -0.595044728947167822E+01    1
    0.847049951553344727E+00    0.714419782161712646E+00   -0.663627633544672108E-01   -0.595378062280501563E+01    1
    0.666359484195709229E+00    0.336551129817962646E+00   -0.662030382912177501E-01   -0.595711395613834949E+01    1
    0.986887693405151367E+00    0.801843166351318359E+00   -0.661121115052102498E-01   -0.596044728947167890E+01    1
    0.728790283203125000E+00    0.789771020412445068E+00   -0.629638294782531582E-01   -0.596378062280501009E+01    1
    0.871954858303070068E+00    0.297386884689331055E+00   -0.625787118946533327E-01   -0.596711395613835194E+01    1
    0.432866930961608887E+00    0.143708705902099609E+00   -0.618877188398587602E-01   -0.597044728947169379E+01    1
    0.664286077022552490E+00    0.222091257572174072E+00   -0.617965515837258991E-01   -0.597378062280502675E+01    1
    0.438866674900054932E+00    0.624435007572174072E+00   -0.617823185599626484E-01   -0.597711395613836682E+01    1
    0.622888624668121338E+00    0.866891384124755859E+00   -0.614576469878144252E-01   -0.598044728947168824E+01    1
    0.383598983287811279E+00    0.216228961944580078E+00   -0.606961343772197959E-01   -0.598378062280501855E+01    1
    0.976471960544586182E+00    0.424118399620056152E+00   -0.606145725218778658E-01   -0.598711395613835595E+01    1
    0.379366099834442139E+00    0.356805622577667236E+00   -0.586357747068997071E-01   -0.599044728947169425E+01    1
    0.824683189392089844E+00    0.736402750015258789E+00   -0.575238096060674484E-01   -0.599378062280503432E+01    1
    0.592094957828521729E+00    0.433816909790039062E-01   -0.570285622733148617E-01   -0.599711395613836995E+01    1
    0.596664726734161377E+00    0.972151160240173340E-01   -0.551338554993780691E-01   -0.600044728947169581E+01    1
    0.927986383438110352E+00    0.375298380851745605E+00   -0.533608286872697540E-01   -0.600378062280502434E+01    1
    0.410438358783721924E+00    0.135256588459014893E+00   -0.530355373743504124E-01   -0.600711395613837418E+01    1
    0.666486620903015137E+00    0.278997898101806641E+00   -0.519209195054218461E-01   -0.601044728947169471E+01    1
    0.579676747322082520E+00    0.609451889991760254E+00   -0.516410083975084797E-01   -0.601378062280501702E+01    1
    0.684655666351318359E+00    0.841574847698211670E+00   -0.516176396409673138E-01   -0.601711395613836331E+01    1
    0.986701786518096924E+00    0.577825605869293213E+00   -0.504480140083062439E-01   -0.602044728947169183E+01    1
    0.695902645587921143E+00    0.248675704002380371E+00   -0.490234948418637739E-01   -0.602378062280501236E+01    1
    0.741596043109893799E+00    0.851088225841522217E+00   -0.476641187228345684E-01   -0.602711395613836221E+01    1
    0.388338625431060791E+00    0.221365928649902344E+00   -0.465107741609391070E-01   -0.603044728947171205E+01    1
    0.483832061290740967E+00    0.357507646083831787E+00   -0.462164743406075010E-01   -0.603378062280504324E+01    1
    0.789247393608093262E+00    0.194481909275054932E+00   -0.457350382667189650E-01   -0.603711395613836554E+01    1
    0.835977971553802490E+00    0.940939545631408691E+00   -0.454572548689053182E-01   -0.604044728947168430E+01    1
    0.985174655914306641E+00    0.303952634334564209E+00   -0.453428187479139391E-01   -0.604378062280502437E+01    1
    0.885326147079467773E+00    0.247409105300903320E+00   -0.450294959538263609E-01   -0.604711395613836888E+01    1
    0.497801780700683594E+00    0.244929730892181396E+00   -0.438513909000989022E-01   -0.605044728947169297E+01    1
    0.638235211372375488E+00    0.190747559070587158E+00   -0.435030927268229561E-01   -0.605378062280501794E+01    1
    0.830059349536895752E+00    0.120289683341979980E+00   -0.434321332214593347E-01   -0.605711395613835712E+01    1
    0.698109090328216553E+00    0.446731388568878174E+00   -0.430829202371746101E-01   -0.606044728947170164E+01    1
    0.321058392524719238E+00    0.332006156444549561E+00   -0.430813461946945725E-01   -0.606378062280503460E+01    1
    0.797703027725219727E+00    0.389434695243835449E+00   -0.420920798397745183E-01   -0.606711395613834981E+01    1
    0.626333117485046387E+00    0.467666685581207275E+00   -0.420207805952467206E-01   -0.607044728947169254E+01    1
    0.449835479259490967E+00    0.339902639389038086E+00   -0.419113944424519963E-01   -0.607378062280503173E+01    1
    0.335090756416320801E+00    0.366787493228912354E+00   -0.418301145197182839E-01   -0.607711395613835847E+01    1
    0.391673684120178223E+00    0.155925631523132324E+00   -0.416126701554076980E-01   -0.608044728947169943E+01    1
    0.867521524429321289E+00    0.962527990341186523E+00   -0.413747818096594847E-01   -0.608378062280502796E+01    1
    0.733290970325469971E+00    0.960899829864501953E+00   -0.400223472776927783E-01   -0.608711395613835293E+01    1
    0.551706552505493164E+00    0.575403451919555664E+00   -0.400115938239759550E-01   -0.609044728947168057E+01    1
    0.909478127956390381E+00    0.582791090011596680E+00   -0.397775520030045418E-01   -0.609378062280500910E+01    1
    0.581078529357910156E+00    0.968022525310516357E+00   -0.393771734434076731E-01   -0.609711395613834028E+01    1
    0.852918744087219238E+00    0.939569413661956787E+00   -0.389932894957412679E-01   -0.610044728947168124E+01    1
    0.879202663898468018E+00    0.369514822959899902E+00   -0.384924920589756261E-01   -0.610378062280502842E+01    1
    0.939258635044097900E+00    0.782410621643066406E+00   -0.378758695061666151E-01   -0.610711395613835251E+01    1
    0.613246798515319824E+00    0.683800756931304932E+00   -0.374884149184747245E-01   -0.611044728947167926E+01    1
    0.720479786396026611E+00    0.366941690444946289E+00   -0.372703217667788370E-01   -0.611378062280503265E+01    1
    0.624396145343780518E+00    0.469868242740631104E+00   -0.359589357663506817E-01   -0.611711395613836562E+01    1
    0.798370897769927979E+00    0.306305706501007080E+00   -0.359321708005557600E-01   -0.612044728947168171E+01    1
    0.997819483280181885E+00    0.158668756484985352E-01   -0.357459925959554628E-01   -0.612378062280501911E+01    1
    0.690286278724670410E+00    0.171033740043640137E+00   -0.351070346053708321E-01   -0.612711395613837251E+01    1
    0.748450994491577148E+00    0.375804305076599121E-01   -0.350647795452173061E-01   -0.613044728947170903E+01    1
    0.467494606971740723E+00    0.319324433803558350E+00   -0.344857780643759021E-01   -0.613378062280503933E+01    1
    0.329631090164184570E+00    0.312274992465972900E+00   -0.342459031054520580E-01   -0.613711395613836164E+01    1
    0.486829459667205811E+00    0.484386682510375977E-01   -0.336488574448637265E-01   -0.614044728947168661E+01    1
    0.686024606227874756E+00    0.946519196033477783E+00   -0.333852523608459892E-01   -0.614378062280503645E+01    1
    0.651663780212402344E+00    0.160424053668975830E+00   -0.333005411526820921E-01   -0.614711395613836586E+01    1
    0.371610522270202637E+00    0.315837502479553223E+00   -0.326556500939110261E-01   -0.615044728947169439E+01    1
    0.759949266910552979E+00    0.292639493942260742E+00   -0.316186996414054913E-01   -0.615378062280502824E+01    1
    0.475004851818084717E+00    0.777830958366394043E+00   -0.313727106014002957E-01   -0.615711395613837009E+01    1
    0.280008852481842041E+00    0.324543952941894531E+00   -0.306795072139907470E-01   -0.616044728947169418E+01    1
    0.574966669082641602E+00    0.329212188720703125E+00   -0.305846394826932502E-01   -0.616378062280500760E+01    1
    0.271489858627319336E+00    0.443769514560699463E+00   -0.300549758563159082E-01   -0.616711395613835833E+01    1
    0.440813362598419189E+00    0.343508005142211914E+00   -0.299970570728848029E-01   -0.617044728947168775E+01    1
    0.591582477092742920E+00    0.533815264701843262E+00   -0.293225321164403661E-01   -0.617378062280502338E+01    1
    0.783690035343170166E+00    0.311673283576965332E-01   -0.289815793165660376E-01   -0.617711395613836611E+01    1
    0.914615273475646973E+00    0.839197933673858643E+00   -0.285944132246973293E-01   -0.618044728947169730E+01    1
    0.813685834407806396E+00    0.728067040443420410E+00   -0.284309957012258523E-01   -0.618378062280502228E+01    1
    0.451357901096343994E+00    0.118735909461975098E+00   -0.279109468040329607E-01   -0.618711395613833925E+01    1
    0.537290275096893311E+00    0.579487085342407227E-01   -0.278662984160620401E-01   -0.619044728947167666E+01    1
    0.425222754478454590E+00    0.950535237789154053E+00   -0.277154787872330825E-01   -0.619378062280501140E+01    1
    0.773983180522918701E+00    0.636822640895843506E+00   -0.273817426454093828E-01   -0.619711395613833993E+01    1
    0.669518709182739258E+00    0.856324374675750732E+00   -0.273319155190381441E-01   -0.620044728947167734E+01    1
    0.805092334747314453E+00    0.527846097946166992E+00   -0.269819323473584859E-01   -0.620378062280502274E+01    1
    0.656137645244598389E+00    0.872208952903747559E+00   -0.268772104960999791E-01   -0.620711395613836192E+01    1
    0.266405820846557617E+00    0.514731287956237793E+00   -0.267960216653164024E-01   -0.621044728947169311E+01    1
    0.950578927993774414E+00    0.486177086830139160E+00   -0.265836011688533880E-01   -0.621378062280502430E+01    1
    0.359663665294647217E+00    0.169314146041870117E-01   -0.257040595541017866E-01   -0.621711395613835460E+01    1
    0.857693791389465332E+00    0.217295646667480469E+00   -0.254759123751450330E-01   -0.622044728947170089E+01    1
    0.362007558345794678E+00    0.522125184535980225E+00   -0.254518694360563250E-01   -0.622378062280504807E+01    1
    0.356266081333160400E+00    0.602722644805908203E+00   -0.246257408165704607E-01   -0.622711395613835705E+01    1
    0.562895238399505615E+00    0.633847117424011230E+00   -0.244313660599221744E-01   -0.623044728947168291E+01    1
    0.527168333530426025E+00    0.993355333805084229E+00   -0.242343717466804755E-01   -0.623378062280501855E+01    1
    0.776882946491241455E+00    0.301100254058837891E+00   -0.236922073336732070E-01   -0.623711395613835862E+01    1
    0.505830883979797363E+00    0.245160102844238281E+00   -0.231962826463861481E-01   -0.624044728947171290E+01    1
    0.314856171607971191E+00    0.782921969890594482E+00   -0.221750069458478173E-01   -0.624378062280503698E+01    1
    0.591050744056701660E+00    0.220554947853088379E+00   -0.221731732284426719E-01   -0.624711395613835663E+01    1
    0.349902052841376487E+00    0.477937162197968446E+00   -0.217265972374338472E-01   -0.625044728947170114E+01    1
    0.656840562820434570E+00    0.695623874664306641E+00   -0.215870056099916746E-01   -0.625378062280503766E+01    1
    0.506354391574859619E+00    0.783375740051269531E+00   -0.213014177011157969E-01   -0.625711395613837151E+01    1
    0.399383068084716797E+00    0.850884497165679932E+00   -0.212974336449909298E-01   -0.626044728947171336E+01    1
    0.399305641651153564E+00    0.939051508903503418E+00   -0.210277341410405744E-01   -0.626378062280504189E+01    1
    0.729290127754211426E+00    0.668567836284637451E+00   -0.205880826382017074E-01   -0.626711395613835620E+01    1
    0.250972032546997070E+00    0.501491487026214600E+00   -0.204577625052006912E-01   -0.627044728947167140E+01    1
    0.701093137264251709E+00    0.563704192638397217E+00   -0.204215985190243608E-01   -0.627378062280501947E+01    1
    0.701408505439758301E+00    0.591260075569152832E+00   -0.204133909164047993E-01   -0.627711395613835510E+01    1
    0.842668116092681885E+00    0.865282416343688965E-01   -0.203758937424564010E-01   -0.628044728947167741E+01    1
    0.576931774616241455E+00    0.241207122802734375E+00   -0.199047338130238852E-01   -0.628378062280502636E+01    1
    0.477931916713714600E+00    0.119490802288055420E+00   -0.198554572039950014E-01   -0.628711395613837443E+01    1
    0.233826458454132080E+00    0.137218058109283447E+00   -0.198417334537367707E-01   -0.629044728947171272E+01    1
    0.234510183334350586E+00    0.485398709774017334E+00   -0.195069943125367601E-01   -0.629378062280503148E+01    1
    0.367446303367614746E+00    0.270577013492584229E+00   -0.193889135073213904E-01   -0.629711395613835290E+01    1
    0.371943354606628418E+00    0.210951268672943115E+00   -0.193689151090810883E-01   -0.630044728947168586E+01    1
    0.533889889717102051E+00    0.950299739837646484E+00   -0.192448298651218958E-01   -0.630378062280502860E+01    1
    0.957338809967041016E+00    0.951817393302917480E+00   -0.191755067162791039E-01   -0.630711395613838466E+01    1
    0.293017446994781494E+00    0.756280243396759033E+00   -0.190003404065008374E-01   -0.631044728947171318E+01    1
    0.229900598526000977E+00    0.118235349655151367E-01   -0.186020991780374428E-01   -0.631378062280503194E+01    1
    0.852196182472218178E+00    0.912259051075848260E+00   -0.185724112619013830E-01   -0.631711395613834714E+01    1
    0.275451788265113406E+00    0.562597229896605766E+00   -0.183748799536309453E-01   -0.632044728947169521E+01    1
    0.879150867462158203E+00    0.201260149478912354E+00   -0.183534994870839380E-01   -0.632378062280504061E+01    1
    0.653601586818695068E+00    0.972345352172851562E+00   -0.177553757270463505E-01   -0.632711395613835670E+01    1
    0.408030092716217041E+00    0.581935942173004150E+00   -0.177378765199176780E-01   -0.633044728947167812E+01    1
    0.465601682662963867E+00    0.705537855625152588E+00   -0.175696684861218443E-01   -0.633378062280503062E+01    1
    0.473488569259643555E+00    0.796169936656951904E+00   -0.175116518142134185E-01   -0.633711395613839290E+01    1
    0.417707562446594238E+00    0.238034546375274658E+00   -0.174886946213052945E-01   -0.634044728947172054E+01    1
    0.420193254947662354E+00    0.688437223434448242E-01   -0.174383269770426452E-01   -0.634378062280503752E+01    1
    0.546441793441772461E+00    0.797357201576232910E+00   -0.170176650192658228E-01   -0.634711395613836871E+01    1
    0.576340794563293457E+00    0.913069486618041992E+00   -0.168193123223720105E-01   -0.635044728947170878E+01    1
    0.224474459616716138E+00    0.104618215837670003E+00   -0.163496834934876989E-01   -0.635378062280502043E+01    1
    0.409388780593872070E+00    0.422857820987701416E+00   -0.163040582274790631E-01   -0.635711395613836228E+01    1
    0.311980545520782471E+00    0.841139018535614014E+00   -0.162223072059704577E-01   -0.636044728947170235E+01    1
    0.614712774753570557E+00    0.595027148723602295E+00   -0.161001649627502061E-01   -0.636378062280501489E+01    1
    0.607913457625343434E+00    0.347918564911378680E+00   -0.158389194884988697E-01   -0.636711395613835140E+01    1
    0.934430599212646484E+00    0.574170947074890137E+00   -0.157770913941322755E-01   -0.637044728947168526E+01    1
    0.686813294887542725E+00    0.792804300785064697E+00   -0.157307066632483700E-01   -0.637378062280502000E+01    1
    0.757600128650665283E+00    0.554996132850646973E+00   -0.155104617366676502E-01   -0.637711395613836185E+01    1
    0.602258324623107910E+00    0.818355739116668701E+00   -0.154472635552347828E-01   -0.638044728947170103E+01    1
    0.209103109475956700E+00    0.224153888895904208E+00   -0.146911540808502203E-01   -0.638378062280502157E+01    1
    0.772988724453552045E+00    0.688366478815514715E+00   -0.146538456976832415E-01   -0.638711395613835187E+01    1
    0.634314894676208496E+00    0.716830849647521973E+00   -0.146042950282677716E-01   -0.639044728947170881E+01    1
    0.713120520114898682E+00    0.864102780818939209E+00   -0.144342373313879214E-01   -0.639378062280505244E+01    1
    0.721738994121551514E+00    0.671114027500152588E+00   -0.143740098370230222E-01   -0.639711395613836942E+01    1
    0.254374921321868896E+00    0.702172875404357910E+00   -0.141883216920950465E-01   -0.640044728947168995E+01    1
    0.322491998412315350E+00    0.941407712782385664E+00   -0.139227657209935757E-01   -0.640378062280502913E+01    1
    0.248521745204925537E+00    0.615916848182678223E+00   -0.136350771928673530E-01   -0.640711395613837098E+01    1
    0.276579141616821289E+00    0.697048664093017578E+00   -0.134887098213524390E-01   -0.641044728947169862E+01    1
    0.500136494636535645E+00    0.627130746841430664E+00   -0.133647623451509413E-01   -0.641378062280503070E+01    1
    0.366823375225067139E+00    0.856203019618988037E+00   -0.132790899852465137E-01   -0.641711395613836455E+01    1
    0.506443619728088379E+00    0.292629718780517578E+00   -0.127725319014636591E-01   -0.642044728947169219E+01    1
    0.915889561176300049E+00    0.694640100002288818E+00   -0.127385404947533767E-01   -0.642378062280502249E+01    1
    0.251488387584686279E+00    0.788631916046142578E+00   -0.126846065851110874E-01   -0.642711395613836789E+01    1
    0.203130050408338536E+00    0.621218385766857506E+00   -0.126747860166951647E-01   -0.643044728947170352E+01    1
    0.273959577083587646E+00    0.782196700572967529E+00   -0.126514152277060043E-01   -0.643378062280502050E+01    1
    0.522497534751892090E+00    0.177545547485351562E-01   -0.124359022605179531E-01   -0.643711395613836235E+01    1
    0.404820084571838379E+00    0.265504598617553711E+00   -0.120893474410513294E-01   -0.644044728947170597E+01    1
    0.596834997076489904E+00    0.643633199996120675E+00   -0.117218496522117736E-01   -0.644378062280503272E+01    1
    0.633337557315826416E+00    0.943072438240051270E+00   -0.116234253217806713E-01   -0.644711395613837279E+01    1
    0.333751857280731201E+00    0.920864999294281006E+00   -0.115530689112944302E-01   -0.645044728947170043E+01    1
    0.901978433132171631E+00    0.911284208297729492E+00   -0.109752274396330146E-01   -0.645378062280502096E+01    1
    0.316191986882123521E+00    0.265989600530307069E+00   -0.108054046918034784E-01   -0.645711395613835393E+01    1
    0.396988882503600593E+00    0.744013834019290776E+00   -0.106494410482196582E-01   -0.646044728947169666E+01    1
    0.969650983810424805E+00    0.973862290382385254E+00   -0.103784580918079242E-01   -0.646378062280503585E+01    1
    0.314671218395233154E+00    0.795478940010070801E+00   -0.102555129858785694E-01   -0.646711395613835816E+01    1
    0.266023933887481689E+00    0.598298668861389160E+00   -0.101905355731934863E-01   -0.647044728947168490E+01    1
    0.314721703529357910E+00    0.611437141895294189E+00   -0.101415320773313063E-01   -0.647378062280502053E+01    1
    0.535100040965592827E+00    0.943414760807996133E+00   -0.101222576542258826E-01   -0.647711395613836416E+01    1
    0.209693551063537598E+00    0.101565122604370117E+00   -0.988323089624953618E-02   -0.648044728947169890E+01    1
    0.265791080858887641E+00    0.680797197444793500E+00   -0.976910292686937118E-02   -0.648378062280502476E+01    1
    0.187903702259063721E+00    0.409781873226165771E+00   -0.971575102242095041E-02   -0.648711395613837016E+01    1
    0.191746711730957031E+00    0.369020998477935791E+00   -0.960203750687270083E-02   -0.649044728947170046E+01    1
    0.801884770393371582E+00    0.570671498775482178E+00   -0.951754804617185174E-02   -0.649378062280501744E+01    1
    0.151468336582183838E+00    0.391375243663787842E+00   -0.946174582131697160E-02   -0.649711395613835219E+01    1
    0.269564861884759643E+00    0.563003461382623804E+00   -0.937374478973639416E-02   -0.650044728947169936E+01    1
    0.450984239578247070E+00    0.935085892677307129E+00   -0.919433691851592391E-02   -0.650378062280504654E+01    1
    0.743097603321075439E+00    0.353795588016510010E+00   -0.918602182626365033E-02   -0.650711395613836796E+01    1
    0.270866334438323975E+00    0.875987470149993896E+00   -0.915856446359700552E-02   -0.651044728947169471E+01    1
    0.437907159328460693E+00    0.934411525726318359E+00   -0.914321718802319633E-02   -0.651378062280504100E+01    1
    0.271596729755401611E+00    0.418769478797912598E+00   -0.891598683912543655E-02   -0.651711395613837485E+01    1
    0.270203649997711182E+00    0.518284142017364502E+00   -0.882391441577233884E-02   -0.652044728947170160E+01    1
    0.158557909891079485E+00    0.582444682174346640E+00   -0.862001655707860664E-02   -0.652378062280504079E+01    1
    0.310461342334747314E+00    0.958497703075408936E+00   -0.854788327200545726E-02   -0.652711395613837464E+01    1
    0.399921178817749023E+00    0.946503520011901855E+00   -0.854530977930024679E-02   -0.653044728947170494E+01    1
    0.305234424445998576E+00    0.729070714851331458E+00   -0.853692868456916790E-02   -0.653378062280504412E+01    1
    0.171621322631835938E+00    0.569102644920349121E+00   -0.842444189663978452E-02   -0.653711395613837976E+01    1
    0.164495885372161865E+00    0.668430209159851074E+00   -0.832596028729331618E-02   -0.654044728947170384E+01    1
    0.230629457023292461E+00    0.404874880626890310E+00   -0.832006470147417590E-02   -0.654378062280503769E+01    1
    0.204898997376337849E+00    0.206884352868010490E+00   -0.802855363219592486E-02   -0.654711395613837244E+01    1
    0.186198711395263672E+00    0.744429886341094971E+00   -0.797483119935014223E-02   -0.655044728947169297E+01    1
    0.342976164635982406E+00    0.366188904939224846E+00   -0.795584209789577945E-02   -0.655378062280503570E+01    1
    0.235732853412628174E+00    0.381725132465362549E+00   -0.794945570362215297E-02   -0.655711395613836512E+01    1
    0.223261594772338867E+00    0.422873616218566895E+00   -0.782467184598780244E-02   -0.656044728947168654E+01    1
    0.596928536891937256E+00    0.109202742576599121E+00   -0.781516781239443258E-02   -0.656378062280502661E+01    1
    0.618562042713165283E+00    0.289346218109130859E+00   -0.780507575513838744E-02   -0.656711395613837645E+01    1
    0.276930451393127441E+00    0.375960469245910645E+00   -0.775539155326625089E-02   -0.657044728947170675E+01    1
    0.347598219082896120E+00    0.389925340818485094E-01   -0.755648268896733435E-02   -0.657378062280503173E+01    1
    0.150908410549163818E+00    0.929365158081054688E-01   -0.739064019358592200E-02   -0.657711395613837713E+01    1
    0.301237940788269043E+00    0.832974374294281006E+00   -0.735447588291518288E-02   -0.658044728947169855E+01    1
    0.528436243534088135E+00    0.897458732128143311E+00   -0.732228211500288162E-02   -0.658378062280501553E+01    1
    0.153387069702148438E+00    0.420160174369812012E+00   -0.729536801230509357E-02   -0.658711395613835204E+01    1
    0.278763175010681152E+00    0.249402701854705811E+00   -0.727430322519581358E-02   -0.659044728947169300E+01    1
    0.200036287307739258E+00    0.220579504966735840E+00   -0.716245138500603337E-02   -0.659378062280502775E+01    1
    0.188140869140625000E+00    0.448434352874755859E+00   -0.710069255078694082E-02   -0.659711395613836871E+01    1
    0.512955248355865479E+00    0.768552124500274658E+00   -0.694046743443407950E-02   -0.660044728947169990E+01    1
    0.731047083398118192E+00    0.706085335371523737E+00   -0.687231965242545741E-02   -0.660378062280503642E+01    1
    0.481496453285217285E+00    0.846397995948791504E+00   -0.678587434088039759E-02   -0.660711395613837382E+01    1
    0.371549455340535850E+00    0.951134031625901044E+00   -0.677511503233209616E-02   -0.661044728947169258E+01    1
    0.664515554904937744E+00    0.411824882030487061E+00   -0.642997999196282064E-02   -0.661378062280503354E+01    1
    0.293876164573079190E+00    0.152320530706207602E+00   -0.642728567823372052E-02   -0.661711395613837716E+01    1
    0.140238921837698954E+00    0.137893879427064617E-01   -0.632053349814377680E-02   -0.662044728947170569E+01    1
    0.127475886913829300E+00    0.444734632052313394E+00   -0.620568198870711119E-02   -0.662378062280502888E+01    1
    0.555494618850420840E+00    0.413824528381083634E+00   -0.615304110582871617E-02   -0.662711395613836540E+01    1
    0.770730853080749512E+00    0.106810808181762695E+00   -0.598537276038621415E-02   -0.663044728947170547E+01    1
    0.214957709708596234E+00    0.457723957371701351E+00   -0.596105058618689315E-02   -0.663378062280504377E+01    1
    0.198324194807002752E+00    0.984840925131980627E+00   -0.596039868788915492E-02   -0.663711395613838206E+01    1
    0.166919310453454650E+00    0.670901945071719852E+00   -0.587774782660379410E-02   -0.664044728947170260E+01    1
    0.514857590198516846E+00    0.942943334579467773E+00   -0.568096405903823886E-02   -0.664378062280503734E+01    1
    0.299540460109710693E+00    0.520170569419860840E+00   -0.564142342900746628E-02   -0.664711395613837830E+01    1
    0.413064184513146693E+00    0.741320670533196169E+00   -0.562046249739936096E-02   -0.665044728947171215E+01    1
    0.452620327472686768E+00    0.467876851558685303E+00   -0.552055089602902175E-02   -0.665378062280503446E+01    1
    0.124481499195098877E+00    0.491593778133392334E+00   -0.550465264169682032E-02   -0.665711395613836832E+01    1
    0.350075385506836922E+00    0.977358206856283829E+00   -0.549533710139095150E-02   -0.666044728947171638E+01    1
    0.365509033203125000E+00    0.469803214073181152E-01   -0.548163053890305535E-02   -0.666378062280503958E+01    1
    0.173977434635162354E+00    0.652369141578674316E+00   -0.547651747658002390E-02   -0.666711395613836277E+01    1
    0.368106419261935547E+00    0.980366448478196872E+00   -0.541793968428671766E-02   -0.667044728947169219E+01    1
    0.513243487756589567E+00    0.231211700689177568E+00   -0.540365197796221792E-02   -0.667378062280503492E+01    1
    0.165953039621271253E+00    0.701588501026727429E+00   -0.535821012684240330E-02   -0.667711395613838565E+01    1
    0.126873075962066650E+00    0.190595090389251709E+00   -0.530806765316580147E-02   -0.668044728947170441E+01    1
    0.419140058664234205E+00    0.713796939673716380E+00   -0.527302005421450854E-02   -0.668378062280503915E+01    1
    0.782766938209533691E+00    0.884368479251861572E+00   -0.527288045614746070E-02   -0.668711395613835169E+01    1
    0.282201945781707764E+00    0.844670832157135010E+00   -0.526560441368546621E-02   -0.669044728947168643E+01    1
    0.351043069213507641E+00    0.736866020207520123E+00   -0.524214155321260471E-02   -0.669378062280502206E+01    1
    0.637873709201812744E+00    0.629620492458343506E+00   -0.518078646245081348E-02   -0.669711395613837546E+01    1
    0.474218721512344732E+00    0.870127428555985460E+00   -0.501758133116239364E-02   -0.670044728947172352E+01    1
    0.170787155628204346E+00    0.318336963653564453E+00   -0.499986797848207820E-02   -0.670378062280504317E+01    1
    0.150374412536621094E+00    0.780032694339752197E+00   -0.495636546880844162E-02   -0.670711395613836991E+01    1
    0.240506940230091448E+00    0.865277205582170361E+00   -0.489894328639698794E-02   -0.671044728947170288E+01    1
    0.756256103515625000E+00    0.360138714313507080E+00   -0.487728311133798186E-02   -0.671378062280502785E+01    1
    0.985154330730438232E+00    0.146412968635559082E+00   -0.487325904493490260E-02   -0.671711395613835638E+01    1
    0.299309003046404842E+00    0.953599988192135539E+00   -0.486014332824861138E-02   -0.672044728947170533E+01    1
    0.226897518226268802E+00    0.657199684994948963E+00   -0.474399321957501632E-02   -0.672378062280504896E+01    1
    0.342778293798503386E+00    0.985327118177286909E+00   -0.464415780014450306E-02   -0.672711395613836860E+01    1
    0.847363233566284180E+00    0.305591166019439697E+00   -0.454887761690445959E-02   -0.673044728947170157E+01    1
    0.712016820907592773E+00    0.120269834995269775E+00   -0.452479633494048961E-02   -0.673378062280503187E+01    1
    0.146873772144317627E+00    0.843138337135314941E+00   -0.452107373488827308E-02   -0.673711395613836395E+01    1
    0.674276283257167264E+00    0.458638889257051097E+00   -0.448345160964597027E-02   -0.674044728947170757E+01    1
    0.874822318553924561E+00    0.750919163227081299E+00   -0.446928892756486961E-02   -0.674378062280504142E+01    1
    0.275067746639251709E+00    0.217537283897399902E+00   -0.435250007609618537E-02   -0.674711395613836995E+01    1
    0.413247227668762207E+00    0.741333544254302979E+00   -0.430464829526025061E-02   -0.675044728947170736E+01    1
    0.115719595664643959E+00    0.403601805059311744E-01   -0.425310408018655158E-02   -0.675378062280505187E+01    1
    0.646312773227691650E+00    0.905573248863220215E+00   -0.424500231165715527E-02   -0.675711395613836974E+01    1
    0.704974412918090820E+00    0.435716569423675537E+00   -0.423946443753507509E-02   -0.676044728947168583E+01    1
    0.310252162972541046E+00    0.949356363320079555E+00   -0.410090309137516994E-02   -0.676378062280502856E+01    1
    0.591182351112365723E+00    0.757926702499389648E-02   -0.407116238899843386E-02   -0.676711395613837663E+01    1
    0.165382266044616699E+00    0.479317784309387207E+00   -0.405861184175995184E-02   -0.677044728947170515E+01    1
    0.139542520046234131E+00    0.282570719718933105E-01   -0.403895082004713819E-02   -0.677378062280503102E+01    1
    0.788680434226989746E+00    0.675814628601074219E+00   -0.401005677672547876E-02   -0.677711395613836132E+01    1
    0.538741409778594971E+00    0.261605679988861084E+00   -0.394061083323948846E-02   -0.678044728947169695E+01    1
    0.686316251754760742E+00    0.778941094875335693E+00   -0.391555570165201539E-02   -0.678378062280503258E+01    1
    0.302406430244445801E+00    0.315558910369873047E-02   -0.391525513681897745E-02   -0.678711395613836110E+01    1
    0.533452630043029785E+00    0.714811325073242188E+00   -0.391129123788029089E-02   -0.679044728947170029E+01    1
    0.494854867458343506E+00    0.588831305503845215E+00   -0.388204920507970782E-02   -0.679378062280502970E+01    1
    0.207669522024773789E+00    0.736312251273864460E+00   -0.382229051288200629E-02   -0.679711395613836711E+01    1
    0.447474718093872070E+00    0.715703010559082031E+00   -0.377317308184466288E-02   -0.680044728947170629E+01    1
    0.178135926220842539E+00    0.847905690361078657E+00   -0.376978742608797320E-02   -0.680378062280502505E+01    1
    0.977417782444252037E+00    0.985119980166238363E+00   -0.369080758474594128E-02   -0.680711395613834824E+01    1
    0.669604718685150146E+00    0.916368544101715088E+00   -0.368676588664766094E-02   -0.681044728947168476E+01    1
    0.121759367528248230E+00    0.372326300229258111E+00   -0.364799236742959420E-02   -0.681378062280501950E+01    1
    0.143520414829254150E+00    0.653671681880950928E+00   -0.356253640862275308E-02   -0.681711395613834981E+01    1
    0.148255407810211182E+00    0.815524935722351074E+00   -0.356126230294150385E-02   -0.682044728947170675E+01    1
    0.115019202232360840E+00    0.630635857582092285E+00   -0.356053783038081089E-02   -0.682378062280504594E+01    1
    0.136114180088043213E+00    0.816545009613037109E+00   -0.354990147515850916E-02   -0.682711395613836824E+01    1
    0.719929695129394531E+00    0.508638918399810791E+00   -0.343740114474060977E-02   -0.683044728947171720E+01    1
    0.868775788860415010E-01    0.310599117947979397E+00   -0.341407372948383412E-02   -0.683378062280504750E+01    1
    0.317475676536560059E+00    0.546407103538513184E+00   -0.326905946858758100E-02   -0.683711395613838047E+01    1
    0.240359306335449219E+00    0.952351987361907959E+00   -0.322797971662563445E-02   -0.684044728947172409E+01    1
    0.315244225278725143E+00    0.864347477528671804E+00   -0.322159104657102026E-02   -0.684378062280504817E+01    1
    0.292235266071150857E+00    0.762034414780683900E+00   -0.321855860255539084E-02   -0.684711395613836871E+01    1
    0.466784000396728516E+00    0.116762995719909668E+00   -0.321390832715686119E-02   -0.685044728947169723E+01    1
    0.828523874282836914E+00    0.803310990333557129E+00   -0.317594749377348015E-02   -0.685378062280502220E+01    1
    0.627937674522399902E+00    0.996149718761444092E+00   -0.313302977540860436E-02   -0.685711395613836761E+01    1
    0.341193020343780518E+00    0.762594163417816162E+00   -0.306841028513937233E-02   -0.686044728947172278E+01    1
    0.111464858055114746E+00    0.309802889823913574E+00   -0.306589770954728696E-02   -0.686378062280505130E+01    1
    0.869515049479067381E-01    0.259382831287479798E+00   -0.305732701522541846E-02   -0.686711395613838427E+01    1
    0.206524312496185303E+00    0.397150516510009766E+00   -0.303320803427209072E-02   -0.687044728947172434E+01    1
    0.788472890853881836E+00    0.470389604568481445E+00   -0.300609377424374772E-02   -0.687378062280505997E+01    1
    0.397051393985748291E+00    0.225650131702423096E+00   -0.300375376699181518E-02   -0.687711395613838583E+01    1
    0.959880999881301128E-01    0.417920028798419052E+00   -0.288103851809890692E-02   -0.688044728947171169E+01    1
    0.187461587374998268E+00    0.896426113749802966E+00   -0.280827040448884159E-02   -0.688378062280503311E+01    1
    0.773819148540496826E+00    0.505966663360595703E+00   -0.275730496405667859E-02   -0.688711395613835098E+01    1
    0.286634159908515707E+00    0.589855138797514833E+00   -0.269307897561904541E-02   -0.689044728947168839E+01    1
    0.144952482525485926E+00    0.295042000336186883E+00   -0.268815661306721042E-02   -0.689378062280504000E+01    1
    0.106495440006256104E+00    0.334697127342224121E+00   -0.267109487339968650E-02   -0.689711395613838629E+01    1
    0.181317329406738281E+00    0.957002997398376465E+00   -0.264042107288272373E-02   -0.690044728947172725E+01    1
    0.166741998039548756E+00    0.308201558756983685E+00   -0.262197699541340257E-02   -0.690378062280505045E+01    1
    0.343497200803205505E+00    0.204844767527296634E+00   -0.257376517376846662E-02   -0.690711395613836121E+01    1
    0.914016842842102051E+00    0.989570438861846924E+00   -0.256462225196359399E-02   -0.691044728947168441E+01    1
    0.405104257689002045E+00    0.428827764539718548E+00   -0.253354429480521668E-02   -0.691378062280501471E+01    1
    0.843868349250697092E-01    0.677802409995478666E-01   -0.252485530381175126E-02   -0.691711395613834679E+01    1
    0.227364139855610214E+00    0.336892090407494849E+00   -0.252373649339196308E-02   -0.692044728947168331E+01    1
    0.561129927635192871E+00    0.649958133697509766E+00   -0.250767670865424414E-02   -0.692378062280501716E+01    1
    0.992904365062713623E+00    0.915851593017578125E+00   -0.248288044033871929E-02   -0.692711395613836345E+01    1
    0.133914113044738770E+00    0.147047638893127441E-01   -0.247512087266880867E-02   -0.693044728947172040E+01    1
    0.109959159563378608E+00    0.397387883889400828E+00   -0.243904452277109987E-02   -0.693378062280504892E+01    1
    0.606586456298828125E+00    0.711686015129089355E+00   -0.242628484670714527E-02   -0.693711395613837212E+01    1
    0.100753009319305420E+00    0.752918958663940430E+00   -0.241915178272596957E-02   -0.694044728947170597E+01    1
    0.295713997666701145E+00    0.857518799888927652E+00   -0.240123530391224893E-02   -0.694378062280504782E+01    1
    0.163996398448944092E+00    0.597517490386962891E+00   -0.239169494627904924E-02   -0.694711395613839411E+01    1
    0.699771046638488770E-01    0.122478842735290527E+00   -0.238301289663346962E-02   -0.695044728947172707E+01    1
    0.109722133032556943E+00    0.549599093831965591E+00   -0.236282889300418967E-02   -0.695378062280504317E+01    1
    0.174865484237670898E+00    0.485218167304992676E+00   -0.233393607861973702E-02   -0.695711395613836547E+01    1
    0.293799281120300293E+00    0.868347823619842529E+00   -0.232336770393011625E-02   -0.696044728947169222E+01    1
    0.184773564338684082E+00    0.700895786285400391E-01   -0.231451027367395035E-02   -0.696378062280504029E+01    1
    0.471289575099945068E+00    0.933715760707855225E+00   -0.226862833771428705E-02   -0.696711395613838924E+01    1
    0.134022691381118636E+00    0.806268936784740986E+00   -0.225120832086626822E-02   -0.697044728947171066E+01    1
    0.308826565742492676E+00    0.897070169448852539E+00   -0.223984282594681195E-02   -0.697378062280505162E+01    1
    0.999003052711486816E-01    0.784388244152069092E+00   -0.221593898726155916E-02   -0.697711395613839436E+01    1
    0.425242125988006592E+00    0.717313945293426514E+00   -0.220273922873373551E-02   -0.698044728947171400E+01    1
    0.842033326625823975E+00    0.595673084259033203E+00   -0.220193557995787851E-02   -0.698378062280504341E+01    1
    0.120394498247092169E+00    0.854448373093424252E+00   -0.215937948615717388E-02   -0.698711395613839237E+01    1
    0.849977744124239681E-01    0.278357977324720340E+00   -0.214667659189744439E-02   -0.699044728947171823E+01    1
    0.369044307093509272E+00    0.724815078116248679E+00   -0.213682525570612399E-02   -0.699378062280503254E+01    1
    0.171150398029552259E+00    0.978158763161600664E+00   -0.213567815739005261E-02   -0.699711395613837439E+01    1
    0.404249310493469238E+00    0.486772477626800537E+00   -0.208882116313852464E-02   -0.700044728947170292E+01    1
    0.442279129040722419E+00    0.380007502482817117E+00   -0.208264731502641074E-02   -0.700378062280503144E+01    1
    0.959199070930480957E-01    0.513602435588836670E+00   -0.207955467653542486E-02   -0.700711395613838306E+01    1
    0.194640219211578369E+00    0.373045206069946289E+00   -0.205382563561316020E-02   -0.701044728947170892E+01    1
    0.930785417556762695E+00    0.463350832462310791E+00   -0.204696790840654596E-02   -0.701378062280503212E+01    1
    0.653454104608814368E+00    0.912516131146943632E+00   -0.202557282072484378E-02   -0.701711395613837308E+01    1
    0.485391368749848506E+00    0.739279030630415446E+00   -0.202084857723022282E-02   -0.702044728947170782E+01    1
    0.947828772806275366E-01    0.167460734219540441E+00   -0.201990409839724380E-02   -0.702378062280504967E+01    1
    0.223815120157582786E+00    0.851955843508131361E+00   -0.201886557129387929E-02   -0.702711395613838086E+01    1
    0.506165444850921631E+00    0.511599063873291016E+00   -0.200181983829260130E-02   -0.703044728947170405E+01    1
    0.302571097217073370E+00    0.138179141725969373E+00   -0.194849829922074530E-02   -0.703378062280504235E+01    1
    0.204963201849440113E+00    0.534726738948118285E+00   -0.186357781184252414E-02   -0.703711395613836821E+01    1
    0.144911706447601318E+00    0.470547080039978027E+00   -0.179324224499190438E-02   -0.704044728947169673E+01    1
    0.977281332015991211E-01    0.701364457607269287E+00   -0.171380872828860633E-02   -0.704378062280501815E+01    1
    0.340122818946838379E+00    0.890728056430816650E+00   -0.168608081793646504E-02   -0.704711395613836622E+01    1
    0.480322485108060526E+00    0.754822522313865762E-01   -0.168547068305654395E-02   -0.705044728947171961E+01    1
    0.476198148204165672E+00    0.853774314271887214E+00   -0.167380873745286303E-02   -0.705378062280503570E+01    1
    0.172086114866738832E+00    0.333812130848461341E+00   -0.167193768304998124E-02   -0.705711395613835535E+01    1
    0.152787803694961088E+00    0.324265377385896947E-01   -0.166079329784918654E-02   -0.706044728947170785E+01    1
    0.661266061019827600E-01    0.342426243412158327E+00   -0.164482413328797443E-02   -0.706378062280505503E+01    1
    0.147040555701750342E+00    0.506947117395810998E+00   -0.163819690953349276E-02   -0.706711395613836313E+01    1
    0.137087404727935791E+00    0.490606427192687988E+00   -0.162781645779404966E-02   -0.707044728947167656E+01    1
    0.103378117084503174E+00    0.718188285827636719E-01   -0.160577071424106653E-02   -0.707378062280506636E+01    1
    0.114590064203037537E+00    0.450752681458656546E-01   -0.156569181875441726E-02   -0.707711395613837979E+01    1
    0.218434953756468625E+00    0.751199563831824735E+00   -0.155348847512337576E-02   -0.708044728947171187E+01    1
    0.244656205177307129E+00    0.226177155971527100E+00   -0.151975140622728115E-02   -0.708378062280505905E+01    1
    0.227039863036161416E+00    0.830084316187936988E+00   -0.150097285779189800E-02   -0.708711395613838846E+01    1
    0.329796806912257767E+00    0.961768534851646262E+00   -0.149265142071454610E-02   -0.709044728947171787E+01    1
    0.758733919794440381E-01    0.737222344344169667E+00   -0.149227720223381061E-02   -0.709378062280505439E+01    1
    0.132575446045755579E+00    0.646058530646195117E+00   -0.142549825112128965E-02   -0.709711395613838203E+01    1
    0.230669600534554819E+00    0.362335435721271304E+00   -0.142338742704052807E-02   -0.710044728947171766E+01    1
    0.534116029739379883E-01    0.888218879699707031E-01   -0.141357812120135188E-02   -0.710378062280504974E+01    1
    0.572732388973236084E+00    0.859970569610595703E+00   -0.141137001607226148E-02   -0.710711395613838270E+01    1
    0.479980192900060276E+00    0.418970913580194781E+00   -0.140783941709646319E-02   -0.711044728947170945E+01    1
    0.211676439570872177E+00    0.124945654746259523E-01   -0.140708967410083639E-02   -0.711378062280502732E+01    1
    0.134293819626622790E+00    0.832021543169196742E+00   -0.140481383790654253E-02   -0.711711395613836384E+01    1
    0.979172990492836182E-01    0.597294819233277319E+00   -0.139630007653293109E-02   -0.712044728947170746E+01    1
    0.308829426765441895E+00    0.862502336502075195E+00   -0.138931143566052378E-02   -0.712378062280503954E+01    1
    0.336710689893322979E+00    0.163219177222841572E+00   -0.138169427529450327E-02   -0.712711395613836807E+01    1
    0.691606635007457754E-01    0.525992660761215980E+00   -0.138021303243008524E-02   -0.713044728947171347E+01    1
    0.483757674694061279E+00    0.911695063114166260E+00   -0.136063412765432342E-02   -0.713378062280505887E+01    1
    0.402212827773334336E+00    0.657573695782913248E+00   -0.135115993871243482E-02   -0.713711395613838473E+01    1
    0.628891170024871826E+00    0.197822153568267822E+00   -0.131940406579367513E-02   -0.714044728947171503E+01    1
    0.282643735408782959E+00    0.277931690216064453E-01   -0.131865021948254432E-02   -0.714378062280504977E+01    1
    0.517661770395173026E+00    0.501940438430608538E+00   -0.131599622689528256E-02   -0.714711395613837563E+01    1
    0.303782768862702446E+00    0.590813109050648322E+00   -0.131017996014374106E-02   -0.715044728947170860E+01    1
    0.776563882827758789E-01    0.600404560565948486E+00   -0.130571726400726383E-02   -0.715378062280503624E+01    1
    0.204072892665863037E+00    0.387394309043884277E+00   -0.128959362266262861E-02   -0.715711395613836387E+01    1
    0.195510836204278060E+00    0.820856841588855746E+00   -0.128432109584399609E-02   -0.716044728947171194E+01    1
    0.240892796657088876E+00    0.273092593389136773E+00   -0.127594778459429658E-02   -0.716378062280504224E+01    1
    0.875764157665102350E-01    0.812066114273341633E+00   -0.127178434192974275E-02   -0.716711395613836011E+01    1
    0.499285116524417094E+00    0.946823543691767910E+00   -0.126921640722341741E-02   -0.717044728947170373E+01    1
    0.848624706268310547E-01    0.915995597839355469E+00   -0.126536062602873242E-02   -0.717378062280504736E+01    1
    0.233908414840698242E+00    0.485996365547180176E+00   -0.125205524697915172E-02   -0.717711395613838476E+01    1
    0.154934406280517578E+00    0.970098197460174561E+00   -0.124551621301258208E-02   -0.718044728947170885E+01    1
    0.242880403995513916E+00    0.585717678070068359E+00   -0.119178598551179229E-02   -0.718378062280503649E+01    1
    0.106801092624664307E+00    0.805843055248260498E+00   -0.118890208071468530E-02   -0.718711395613838366E+01    1
    0.610720098018646240E+00    0.329470038414001465E+00   -0.117395645805873231E-02   -0.719044728947171397E+01    1
    0.307732358089743641E+00    0.325601950098222404E+00   -0.117270011280097477E-02   -0.719378062280504249E+01    1
    0.497051705622108542E-01    0.237948767429053964E+00   -0.116640300530449024E-02   -0.719711395613837279E+01    1
    0.535431988698879327E-01    0.411945877229332347E+00   -0.115123836755419407E-02   -0.720044728947171020E+01    1
    0.918999145164845488E-01    0.690609706365149734E+00   -0.114318484704666306E-02   -0.720378062280505649E+01    1
    0.163288903566715382E+00    0.515175360728097997E+00   -0.113415263747332980E-02   -0.720711395613839034E+01    1
    0.145735740661621094E+00    0.396211802959442139E+00   -0.112514180451312004E-02   -0.721044728947171620E+01    1
    0.388633072376251221E+00    0.254691660404205322E+00   -0.112364346492896589E-02   -0.721378062280505272E+01    1
    0.136630251247349788E+00    0.636966967485651514E+00   -0.109966349094470120E-02   -0.721711395613839013E+01    1
    0.209153115749359131E+00    0.381321668624877930E+00   -0.109052720566617527E-02   -0.722044728947171599E+01    1
    0.335202813148498535E+00    0.221525013446807861E+00   -0.107984548626976801E-02   -0.722378062280505251E+01    1
    0.325515031814575195E+00    0.914433777332305908E+00   -0.107979391321255734E-02   -0.722711395613838814E+01    1
    0.134315491048226432E+00    0.378032237634697621E+00   -0.107912622273505037E-02   -0.723044728947170512E+01    1
    0.203651905059814453E+00    0.396127104759216309E-01   -0.107522684574845747E-02   -0.723378062280503897E+01    1
    0.812988903651193917E+00    0.647460460316194863E+00   -0.106875386924263076E-02   -0.723711395613838082E+01    1
    0.560202479362487793E+00    0.879741489887237549E+00   -0.104694670276870867E-02   -0.724044728947171912E+01    1
    0.139529340666802976E+00    0.566021771885211966E+00   -0.104663698144289124E-02   -0.724378062280505652E+01    1
    0.172838741631626880E+00    0.961936056428934094E+00   -0.104326314551543087E-02   -0.724711395613838238E+01    1
    0.127513408660888672E+00    0.692456245422363281E+00   -0.102647333719866913E-02   -0.725044728947171002E+01    1
    0.467574596405029297E-01    0.112749695777893066E+00   -0.101810114979782561E-02   -0.725378062280505009E+01    1
    0.173929750919342041E+00    0.301815390586853027E+00   -0.101032850987215362E-02   -0.725711395613839283E+01    1
    0.262076914310455322E+00    0.947297096252441406E+00   -0.100717635610656723E-02   -0.726044728947172580E+01    1
    0.151316937555713016E+00    0.648542603071641688E+00   -0.100419622125981446E-02   -0.726378062280505610E+01    1
    0.125666297290043610E+00    0.922974169036236081E+00   -0.100410240146452589E-02   -0.726711395613837130E+01    1
    0.969584584236145020E-01    0.397930502891540527E+00   -0.992507124198795674E-03   -0.727044728947170427E+01    1
    0.121723809363377081E+00    0.887977943467142095E+00   -0.966196540871928303E-03   -0.727378062280503723E+01    1
    0.155036807060241699E+00    0.696022391319274902E+00   -0.962485909637507257E-03   -0.727711395613837109E+01    1
    0.837285518646240234E-01    0.777026414871215820E+00   -0.959650369352436374E-03   -0.728044728947171116E+01    1
    0.129091918468475342E+00    0.733448565006256104E+00   -0.957016724899388332E-03   -0.728378062280503702E+01    1
    0.492989887659631074E-01    0.407403952074690212E+00   -0.949508110102039197E-03   -0.728711395613837531E+01    1
    0.806622830060335638E-01    0.777333453101887839E+00   -0.949488383183490323E-03   -0.729044728947170650E+01    1
    0.411401510238647461E+00    0.240677773952484131E+00   -0.925125023202569806E-03   -0.729378062280504569E+01    1
    0.776881575584411621E-01    0.850389838218688965E+00   -0.923547067319469483E-03   -0.729711395613839198E+01    1
    0.114673610663645634E+00    0.227664023706826257E+00   -0.904473800702967619E-03   -0.730044728947172583E+01    1
    0.607973576454773970E-01    0.773430377573273375E+00   -0.897552517426223749E-03   -0.730378062280504814E+01    1
    0.403325355205209901E+00    0.261231205610959361E+00   -0.897307347962655400E-03   -0.730711395613837755E+01    1
    0.514778550465259110E-01    0.251102363492424319E+00   -0.895752154211830790E-03   -0.731044728947171230E+01    1
    0.216355553648599014E+00    0.560676333419576012E+00   -0.851922435744238509E-03   -0.731378062280504970E+01    1
    0.142544198611572165E+00    0.956814290446319382E+00   -0.842032528068906464E-03   -0.731711395613838977E+01    1
    0.387126093527168202E+00    0.262578284100122572E+00   -0.840268547519772060E-03   -0.732044728947171919E+01    1
    0.263394443241280585E+00    0.149241695156441673E+00   -0.838918870158196061E-03   -0.732378062280503883E+01    1
    0.755059429283314876E-01    0.199326284264976866E+00   -0.835214914720332712E-03   -0.732711395613837002E+01    1
    0.463237762451171875E-01    0.518577396869659424E+00   -0.805778067372746754E-03   -0.733044728947171809E+01    1
    0.827239751815795898E-01    0.999464392662048340E+00   -0.805544409211025685E-03   -0.733378062280504750E+01    1
    0.154754638671875000E+00    0.591520547866821289E+00   -0.797132468203294478E-03   -0.733711395613836892E+01    1
    0.114102370265187478E+00    0.217732306317139745E+00   -0.792593570740703361E-03   -0.734044728947169567E+01    1
    0.425473679634227053E-01    0.226286355609462669E+00   -0.790709135197297810E-03   -0.734378062280503219E+01    1
    0.138531743161838417E+00    0.540248129913788899E+00   -0.784873013972300047E-03   -0.734711395613837048E+01    1
    0.904969342548345435E-01    0.410294494303037216E+00   -0.771671164115128637E-03   -0.735044728947170523E+01    1
    0.187769889831542969E+00    0.549318373203277588E+00   -0.746378218232017217E-03   -0.735378062280503375E+01    1
    0.230544328689575195E+00    0.151433169841766357E+00   -0.741425454481494197E-03   -0.735711395613837116E+01    1
    0.495508527758360295E+00    0.942083658065321017E+00   -0.718926929325403898E-03   -0.736044728947171301E+01    1
    0.104699432849884033E+00    0.328036606311798096E+00   -0.713793432073835262E-03   -0.736378062280505130E+01    1
    0.473014884331926164E-01    0.623492456316802390E+00   -0.712528824504272615E-03   -0.736711395613838338E+01    1
    0.101716773643859809E+00    0.767405363828390752E+00   -0.708425764055670018E-03   -0.737044728947170924E+01    1
    0.260971176821924278E+00    0.151289852349376058E+00   -0.706695821525669455E-03   -0.737378062280504309E+01    1
    0.643272995948791504E-01    0.867496728897094727E+00   -0.705285767299398763E-03   -0.737711395613837073E+01    1
    0.180544005709789956E+00    0.809863675040331521E+00   -0.698752833554268870E-03   -0.738044728947170636E+01    1
    0.648112144453372035E-01    0.518896544690892414E+00   -0.673979788055758459E-03   -0.738378062280505265E+01    1
    0.683422803878784180E+00    0.497997522354125977E+00   -0.673624248204324877E-03   -0.738711395613839361E+01    1
    0.146873065283599585E+00    0.694496767890971922E+00   -0.669709077599907072E-03   -0.739044728947172658E+01    1
    0.733343597492160937E-01    0.120996609778539571E+00   -0.668630651122780612E-03   -0.739378062280505333E+01    1
    0.187430067050343763E+00    0.818149646027839683E+00   -0.662210127103127059E-03   -0.739711395613837652E+01    1
    0.784805258892065788E-01    0.579725716508552869E+00   -0.654555987206070929E-03   -0.740044728947170949E+01    1
    0.286364495754241943E+00    0.648710787296295166E+00   -0.650280697029055393E-03   -0.740378062280505578E+01    1
    0.451787667083764666E+00    0.820742691864584262E+00   -0.650101122749331575E-03   -0.740711395613840118E+01    1
    0.498524856250801493E-01    0.720445326585173573E+00   -0.644223550573150630E-03   -0.741044728947171194E+01    1
    0.144652323198523836E+00    0.726732591649555615E+00   -0.638785327738279770E-03   -0.741378062280505201E+01    1
    0.419451810334076775E-01    0.203988124521508440E+00   -0.636310058573712244E-03   -0.741711395613837432E+01    1
    0.746633124712014484E-01    0.374189057767199740E+00   -0.624427809626165037E-03   -0.742044728947170729E+01    1
    0.126460138797402699E+00    0.973253517336797547E+00   -0.609389769360997873E-03   -0.742378062280504381E+01    1
    0.465002601958000375E-01    0.116547558150591035E+00   -0.605801162435238216E-03   -0.742711395613839098E+01    1
    0.161054748648883167E+00    0.834709095230053544E+00   -0.604033335608815392E-03   -0.743044728947173283E+01    1
    0.163918972015380859E+00    0.754708230495452881E+00   -0.602968704680683872E-03   -0.743378062280505780E+01    1
    0.187303456834934962E+00    0.712954914832575781E+00   -0.582990601194014087E-03   -0.743711395613836945E+01    1
    0.228188966203751536E+00    0.423862654834242236E+00   -0.581554877494997206E-03   -0.744044728947169798E+01    1
    0.598290562629699707E-01    0.597956418991088867E+00   -0.574488147420260629E-03   -0.744378062280504071E+01    1
    0.378412487900098349E+00    0.748620010676659176E+00   -0.565101458630378069E-03   -0.744711395613837368E+01    1
    0.201358655534301878E+00    0.746922236029828435E+00   -0.562181841958399732E-03   -0.745044728947171553E+01    1
    0.502488401750153302E+00    0.949059079002721129E+00   -0.561539343419375299E-03   -0.745378062280505116E+01    1
    0.189092821909214170E+00    0.907713658974973581E+00   -0.559872283539047597E-03   -0.745711395613836547E+01    1
    0.425897151726454398E-01    0.139558666731225606E+00   -0.557715279200749728E-03   -0.746044728947169489E+01    1
    0.817438511482721786E-01    0.108805027486769193E+00   -0.557480829415657421E-03   -0.746378062280504739E+01    1
    0.111991680210366457E+00    0.624493333276700424E+00   -0.556978447598868959E-03   -0.746711395613839990E+01    1
    0.697295367717742920E+00    0.452796697616577148E+00   -0.549985186615766148E-03   -0.747044728947172310E+01    1
    0.443843832835990881E-01    0.165964921133226750E+00   -0.542764886147794408E-03   -0.747378062280505517E+01    1
    0.296141088008880615E+00    0.657907545566558838E+00   -0.535645528507116176E-03   -0.747711395613837926E+01    1
    0.432737140892258121E-01    0.705316953273689151E+00   -0.532972463330953078E-03   -0.748044728947170423E+01    1
    0.775043038936694684E-01    0.471116922795663529E+00   -0.532674036936758139E-03   -0.748378062280504075E+01    1
    0.186385407607293691E+00    0.742849242985438418E+00   -0.532020945341504206E-03   -0.748711395613836217E+01    1
    0.882010401357200963E-01    0.911100031261943943E+00   -0.530409309580367333E-03   -0.749044728947170668E+01    1
    0.983835047315035349E-01    0.549961519715259084E+00   -0.529867103646226097E-03   -0.749378062280504054E+01    1
    0.346622765064239502E+00    0.368812322616577148E+00   -0.528665905654709966E-03   -0.749711395613836551E+01    1
    0.298473254150119660E+00    0.514768160698588842E-01   -0.525627218132568405E-03   -0.750044728947170913E+01    1
    0.429594984519207426E-01    0.717714674862644175E+00   -0.512230761760834445E-03   -0.750378062280505898E+01    1
    0.733602836706939848E-01    0.538148507282998789E+00   -0.509731482733321987E-03   -0.750711395613840349E+01    1
    0.446756370312319656E-01    0.667306489027380989E+00   -0.507877226626941391E-03   -0.751044728947172402E+01    1
    0.165150940418243408E+00    0.434649169445037842E+00   -0.499844736075827074E-03   -0.751378062280503567E+01    1
    0.141848101001445126E+00    0.822610271272012805E+00   -0.496660979645660063E-03   -0.751711395613838285E+01    1
    0.226407970105137302E+00    0.331547841817586564E+00   -0.489046402188188277E-03   -0.752044728947173091E+01    1
    0.576249546667355339E-01    0.446689778717206276E+00   -0.485151276518654454E-03   -0.752378062280506299E+01    1
    0.127549409866333008E+00    0.247571289539337158E+00   -0.479642307671148392E-03   -0.752711395613838263E+01    1
    0.348821878433227539E+00    0.548485994338989258E+00   -0.465731569825107933E-03   -0.753044728947170494E+01    1
    0.105236242668571178E+00    0.831499704125678973E+00   -0.460592387665377946E-03   -0.753378062280503880E+01    1
    0.979145169258117676E-01    0.346045017242431641E+00   -0.458012792899794424E-03   -0.753711395613835844E+01    1
